0.803755
0.806575
0.804404
0.805401
0.803825
0.808893
0.805445
0.805181
0.805586
0.803897
0.808222
0.806114
0.805384
0.804382
0.805345
0.807072
0.807408
0.805924
0.808004
0.804762
0.804192
0.804039
0.805915
0.803529
0.805964
0.805657
0.804682
0.805980
0.805529
0.808295
0.807178
0.807252
0.807432
0.802516
0.805636
0.802987
0.805241
0.803871
0.805669
0.804894
0.803509
0.806065
0.805418
0.805087
0.806250
0.801604
0.808285
0.806581
0.805260
0.805524
0.805416
0.804749
0.808697
0.805611
0.803595
0.803749
0.804603
0.803851
0.805530
0.805918
0.806173
0.806360
0.804222
0.802762
0.802993
0.807654
0.808239
0.802660
0.805626
0.805568
0.805442
0.807632
0.802255
0.804110
0.804254
0.803162
0.805019
0.803725
0.804442
0.805625
0.804182
0.803432
0.804871
0.805245
0.804278
0.803769
0.806118
0.805234
0.804874
0.804618
0.806367
0.803694
0.802980
0.805744
0.806389
0.807171
0.806073
0.804881
0.802748
0.806944
0.806039
0.804770
0.805456
0.804309
0.804559
0.804506
0.805374
0.807105
0.805524
0.804674
0.804925
0.804494
0.805835
0.807121
0.802570
0.806422
0.803873
0.803662
0.807301
0.804358
0.805067
0.807636
0.807530
0.803883
0.807106
0.806026
0.804720
0.803781
0.806069
0.807915
0.804906
0.804815
0.808030
0.803833
0.806291
0.805602
0.803962
0.805954
0.805905
0.805238
0.806131
0.804732
0.808398
0.804269
0.803288
0.807966
0.806138
0.805635
0.800229
0.805660
0.806061
0.805798
0.805446
0.804310
0.806513
0.805336
0.802137
0.806667
0.803095
0.805003
0.804939
0.805310
0.804168
0.805306
0.803775
0.802899
0.804783
0.807077
0.803695
0.804316
0.801710
0.804206
0.806906
0.801685
0.803055
0.801010
0.803678
0.805495
0.806646
0.807334
0.803763
0.808457
0.802487
0.809958
0.804778
0.804827
0.806220
0.806499
0.807755
0.807413
0.804071
0.805702
0.806273
0.806423
0.808686
0.804104
0.808479
0.803980
0.806630
0.808263
0.808114
0.804995
0.807297
0.805476
0.806448
0.807333
0.804607
0.805310
0.805048
0.806465
0.806109
0.806046
0.802992
0.805682
0.806244
0.806507
0.804625
0.803529
0.801243
0.806086
0.802839
0.806829
0.805678
0.805647
0.808552
0.804919
0.806855
0.804556
0.805025
0.805005
0.806071
0.804001
0.807170
0.806907
0.803562
0.806443
0.805986
0.805124
0.806562
0.802042
0.803110
0.805911
0.806288
0.805302
0.806584
0.805506
0.808964
0.802154
0.809248
0.803717
0.805941
0.804055
0.804526
0.804234
0.806822
0.802548
0.806890
0.808963
0.803612
0.805117
0.808406
0.804849
0.807548
0.808483
0.806790
0.808318
0.806050
0.806951
0.805887
0.803198
0.805613
0.808746
0.806531
0.802534
0.805667
0.804498
0.802143
0.806573
0.804595
0.806066
0.805454
0.804722
0.806022
0.807934
0.804792
0.802715
0.807196
0.806380
0.805740
0.804570
0.804668
0.805908
0.805659
0.804015
0.805622
0.803195
0.808796
0.803394
0.805214
0.804524
0.807512
0.807523
0.801783
0.804224
0.805594
0.803755
0.804030
0.805734
0.803174
0.803047
0.805435
0.805995
0.808355
0.807547
0.808810
0.805885
0.806633
0.807716
0.805315
0.805843
0.807917
0.807548
0.805252
0.805933
0.801806
0.804056
0.804704
0.805861
0.807422
0.802078
0.804223
0.806837
0.803865
0.804167
0.804705
0.805133
0.804714
0.806986
0.803244
0.804652
0.804232
0.805125
0.803785
0.803203
0.805106
0.803272
0.805177
0.803642
0.805198
0.806240
0.804271
0.805178
0.804716
0.805073
0.804313
0.803746
0.804145
0.803385
0.803877
0.804587
0.803934
0.805196
0.805835
0.802387
0.805561
0.805366
0.803963
0.806238
0.806153
0.804950
0.804520
0.804028
0.804219
0.805690
0.806502
0.806311
0.807082
0.805213
0.805226
0.804740
0.807740
0.803864
0.804461
0.806455
0.804608
0.806056
0.806957
0.802880
0.804620
0.805463
0.805083
0.804841
0.804399
0.805159
0.804429
0.804728
0.804837
0.806128
0.804673
0.802608
0.804820
0.803240
0.803824
0.805699
0.804451
0.805291
0.807063
0.805547
0.806457
0.805926
0.805078
0.805622
0.806084
0.803869
0.808356
0.805686
0.804446
0.800927
0.804045
0.804812
0.804065
0.802386
0.805157
0.803704
0.803037
0.804597
0.803926
0.803335
0.805249
0.807667
0.804533
0.803970
0.802168
0.803986
0.806120
0.806923
0.804608
0.804552
0.805137
0.808877
0.805072
0.807868
0.804254
0.807317
0.804708
0.805379
0.803513
0.806339
0.802797
0.806375
0.803425
0.806803
0.802419
0.807008
0.805193
0.804206
0.805359
0.806919
0.806016
0.805347
0.805234
0.804005
0.805678
0.803484
0.808064
0.806360
0.804453
0.804417
0.803625
0.802917
0.805649
0.805707
0.802394
0.803890
0.805022
0.806181
0.806147
0.804790
0.807528
0.804171
0.806062
0.804920
0.806706
0.807283
0.807583
0.807297
0.806283
0.806483
0.805199
0.802914
0.806279
0.807295
0.803609
0.804438
0.805573
0.806390
0.804737
0.805923
0.805422
0.803455
0.804019
0.805977
0.803856
0.806548
0.803539
0.802964
0.805766
0.806538
0.803344
0.804449
0.806930
0.805271
0.803718
0.804389
0.807183
0.808640
0.804416
0.805366
0.805346
0.805651
0.803366
0.805526
0.805820
0.806028
0.807149
0.809145
0.804442
0.803848
0.805145
0.805500
0.805855
0.804176
0.801473
0.806177
0.806201
0.806164
0.804671
0.805752
0.805399
0.806332
0.805118
0.802712
0.804265
0.805949
0.802089
0.804698
0.804225
0.807231
0.805593
0.804724
0.803447
0.806798
0.805734
0.805843
0.804269
0.808094
0.805665
0.806836
0.808533
0.805015
0.804758
0.806506
0.807848
0.805165
0.807029
0.801848
0.804178
0.805214
0.804148
0.805234
0.806015
0.804415
0.805193
0.806183
0.805349
0.804156
0.804404
0.804643
0.805206
0.803447
0.806202
0.806057
0.802598
0.804072
0.807023
0.805512
0.806575
0.802978
0.807781
0.805656
0.804576
0.803000
0.804853
0.805942
0.804625
0.806703
0.803134
0.803496
0.803765
0.805442
0.805616
0.803317
0.805862
0.806945
0.804729
0.804628
0.802722
0.802625
0.805219
0.804683
0.806885
0.804522
0.805168
0.807481
0.804742
0.802519
0.808267
0.805855
0.802421
0.806284
0.804308
0.805907
0.807264
0.804594
0.805087
0.802988
0.803791
0.805011
0.807073
0.802513
0.804227
0.803487
0.806560
0.807428
0.804566
0.803903
0.808579
0.804969
0.806191
0.805189
0.805041
0.808358
0.800790
0.807097
0.803392
0.808816
0.805423
0.804494
0.802080
0.806619
0.806911
0.808174
0.804166
0.807745
0.808008
0.805195
0.804699
0.806252
0.804459
0.802440
0.803240
0.807829
0.806401
0.806466
0.806244
0.805813
0.805140
0.805894
0.806726
0.805734
0.803706
0.803128
0.802761
0.805547
0.806641
0.806489
0.803210
0.804954
0.804824
0.805038
0.805329
0.803817
0.806656
0.805438
0.806489
0.804600
0.802970
0.805874
0.806056
0.802969
0.805573
0.802594
0.802624
0.803437
0.806711
0.807075
0.805169
0.803614
0.805829
0.805327
0.805861
0.807158
0.805693
0.805177
0.804865
0.805880
0.806049
0.804146
0.805049
0.805229
0.807839
0.804984
0.805180
0.805862
0.805740
0.805828
0.805387
0.806000
0.805486
0.804376
0.804523
0.805332
0.802916
0.804665
0.803356
0.808261
0.803138
0.805808
0.804606
0.806125
0.805499
0.802904
0.803043
0.807144
0.805156
0.803684
0.807326
0.806718
0.805295
0.803765
0.802982
0.806417
0.803269
0.807389
0.804326
0.805914
0.803538
0.805201
0.807569
0.806375
0.806499
0.806156
0.806876
0.806123
0.805137
0.805317
0.804527
0.806617
0.804978
0.804547
0.804763
0.803628
0.804477
0.803396
0.801041
0.805920
0.803378
0.806035
0.806064
0.804435
0.802887
0.806699
0.805323
0.804451
0.804417
0.806345
0.807927
0.804994
0.805086
0.808010
0.803964
0.807338
0.804071
0.804436
0.800938
0.804403
0.806680
0.801299
0.803704
0.804663
0.806086
0.806282
0.805979
0.803854
0.808085
0.805363
0.806612
0.804796
0.804693
0.804254
0.803145
0.806245
0.808579
0.807076
0.807186
0.806547
0.805097
0.805345
0.805363
0.802645
0.805555
0.806779
0.806771
0.804109
0.806547
0.805451
0.802916
0.806303
0.809976
0.804923
0.808858
0.804820
0.805793
0.806718
0.804668
0.803800
0.804463
0.804209
0.806533
0.802826
0.804819
0.803966
0.804759
0.806988
0.803498
0.809856
0.804050
0.804616
0.804111
0.806032
0.806352
0.803297
0.804244
0.804018
0.804935
0.803093
0.803507
0.805112
0.804968
0.805807
0.806721
0.805236
0.804883
0.805092
0.802856
0.804287
0.805287
0.804915
0.806656
0.806610
0.806521
0.805673
0.805137
0.806686
0.805401
0.805984
0.804287
0.801844
0.804278
0.804246
0.805849
0.805301
0.805144
0.804350
0.803838
0.805757
0.805954
0.804001
0.804710
0.807406
0.802905
0.803284
0.805279
0.806478
0.805646
0.807843
0.803134
0.807362
0.805748
0.804270
0.805056
0.804687
0.802785
0.804782
0.805071
0.802404
0.805797
0.804735
0.808003
0.801796
0.802728
0.803216
0.805503
0.805045
0.803977
0.802460
0.806334
0.807867
0.803682
0.806743
0.804474
0.806748
0.803994
0.804077
0.805373
0.806764
0.805695
0.803043
0.807210
0.807002
0.807582
0.806817
0.805345
0.805142
0.803572
0.806821
0.804296
0.806186
0.804128
0.808803
0.806946
0.802208
0.804677
0.803791
0.804876
0.804474
0.805746
0.804880
0.803195
0.805036
0.805170
0.803073
0.809649
0.804389
0.803722
0.804295
0.806806
0.804800
0.803952
0.802937
0.804076
0.803266
0.806193
0.803152
0.806785
0.806057
0.804363
0.804462
0.804200
0.802247
0.802311
0.805107
0.807175
0.804744
0.805427
0.805225
0.804284
0.806047
0.808425
0.808837
0.805473
0.807764
0.806175
0.805460
0.804784
0.805835
0.803861
0.804645
0.806249
0.804325
0.805959
0.806604
0.808144
0.804940
0.809265
0.804301
0.801993
0.807077
0.806324
0.806644
0.805512
0.805733
0.804907
0.804345
0.807799
0.802992
0.803255
0.805806
0.802385
0.804487
0.807062
0.805649
0.804572
0.807808
0.806284
0.804021
0.804826
0.806248
0.806998
0.804879
0.804778
0.803730
0.802992
0.806688
0.801458
0.805489
0.807218
0.806778
0.805528
0.803488
0.806000
0.803914
0.805077
0.802480
0.804196
0.806588
0.804049
0.804869
0.803638
0.804912
0.804557
0.804938
0.803753
0.804646
0.803243
0.804470
0.807549
0.807332
0.805064
0.804824
0.804828
0.804333
0.805054
0.804624
0.807856
0.803334
0.803869
0.807810
0.805532
0.806123
0.803425
0.804330
0.803495
0.801927
0.805366
0.807579
0.805188
0.805586
0.805313
0.806283
0.807225
0.801610
0.805958
0.802622
0.808353
0.804118
0.803505
0.806610
0.804733
0.803749
0.801935
0.804614
0.803884
0.806769
0.806921
0.804912
0.804375
0.804444
0.804238
0.803663
0.806723
0.807780
0.809337
0.806436
0.803038
0.805776
0.804290
0.805270
0.805887
0.808225
0.804308
0.808391
0.805323
0.804340
0.804573
0.802941
0.806206
0.805317
0.803756
0.805088
0.804491
0.804338
0.804001
0.801951
0.806635
0.805059
0.803024
0.805042
0.805280
0.805679
0.801992
0.803119
0.805068
0.803367
0.805546
0.805384
0.806309
0.805569
0.808352
0.805778
0.808201
0.808333
0.805577
0.806647
0.804136
0.807461
0.807181
0.808295
0.806226
0.804627
0.806521
0.804436
0.805410
0.806215
0.804998
0.804894
0.803575
0.805669
0.803740
0.805285
0.804806
0.805641
0.801699
0.809542
0.803769
0.807604
0.806614
0.804903
0.802941
0.801925
0.806123
0.806565
0.804363
0.804620
0.805993
0.804474
0.803930
0.802755
0.805365
0.807796
0.806510
0.808485
0.805818
0.805069
0.804087
0.805681
0.803426
0.804759
0.804500
0.803159
0.803519
0.806670
0.806354
0.802330
0.807893
0.804540
0.804370
0.808338
0.802056
0.805149
0.804802
0.808255
0.803456
0.804557
0.805010
0.809211
0.805825
0.805621
0.805591
0.805455
0.806255
0.805466
0.807301
0.806248
0.805550
0.807126
0.804680
0.806764
0.805274
0.806282
0.803901
0.804328
0.807327
0.803396
0.805850
0.809029
0.804915
0.805373
0.805257
0.808357
0.806010
0.804452
0.804096
0.804391
0.806481
0.804005
0.804092
0.804000
0.805994
0.805116
0.805984
0.805352
0.806786
0.806585
0.803820
0.805167
0.808465
0.805601
0.804964
0.805453
0.801154
0.805784
0.805502
0.806187
0.808029
0.808940
0.806318
0.806814
0.802807
0.805473
0.806752
0.804366
0.806076
0.802313
0.804804
0.805975
0.805643
0.803806
0.805211
0.806015
0.804696
0.804401
0.805034
0.806649
0.808611
0.804415
0.806717
0.804462
0.806246
0.808599
0.804451
0.803653
0.806682
0.806480
0.803737
0.807798
0.807762
0.804285
0.803442
0.807230
0.803135
0.802372
0.803741
0.807622
0.805972
0.805112
0.806815
0.808412
0.807253
0.805861
0.806189
0.806216
0.807186
0.805394
0.806461
0.805708
0.804619
0.807780
0.805168
0.806152
0.806387
0.804054
0.807990
0.805553
0.803924
0.804336
0.804481
0.804665
0.804682
0.805046
0.802046
0.809309
0.803711
0.806333
0.806756
0.807637
0.804446
0.806642
0.804855
0.803024
0.805776
0.807580
0.801989
0.804982
0.806219
0.804883
0.809247
0.805682
0.806498
0.804961
0.803429
0.804601
0.803903
0.804292
0.805895
0.806194
0.807190
0.807799
0.802858
0.806240
0.807785
0.804334
0.806912
0.804091
0.804788
0.805725
0.805803
0.806341
0.803838
0.804718
0.808900
0.806002
0.803544
0.805041
0.804718
0.807441
0.806590
0.804310
0.805378
0.804997
0.804865
0.807435
0.804721
0.805482
0.805286
0.801977
0.808262
0.802482
0.804160
0.805996
0.804052
0.804671
0.805884
0.805053
0.805062
0.806439
0.804899
0.805888
0.803322
0.807194
0.805399
0.808283
0.806889
0.804892
0.805948
0.802637
0.805005
0.807919
0.805415
0.805684
0.806371
0.807679
0.805441
0.805464
0.802950
0.805993
0.803391
0.806292
0.806439
0.806231
0.805684
0.808885
0.802205
0.803006
0.803134
0.809107
0.805401
0.807115
0.802963
0.802573
0.803613
0.806950
0.805353
0.804156
0.804400
0.808302
0.804668
0.803799
0.806016
0.804824
0.804647
0.802348
0.804558
0.805694
0.803798
0.806796
0.805922
0.805177
0.805327
0.805695
0.803384
0.802889
0.805892
0.806835
0.804411
0.804615
0.803984
0.803037
0.806147
0.806221
0.804384
0.805656
0.804820
0.805571
0.803298
0.803546
0.803022
0.805447
0.804470
0.809775
0.806446
0.806769
0.803009
0.809346
0.805637
0.802829
0.802649
0.806875
0.807711
0.805935
0.804746
0.804810
0.805176
0.803219
0.804179
0.805405
0.804622
0.801734
0.806065
0.803999
0.809024
0.806015
0.806511
0.804334
0.805976
0.806430
0.803965
0.806230
0.802813
0.804656
0.807837
0.804365
0.804299
0.806305
0.806242
0.805709
0.803347
0.805292
0.807194
0.804983
0.806021
0.806187
0.807282
0.804048
0.804008
0.805955
0.804505
0.805242
0.805479
0.806976
0.805685
0.805673
0.806373
0.805744
0.803024
0.807587
0.804383
0.804602
0.804534
0.805430
0.801921
0.805272
0.806036
0.805168
0.806985
0.803167
0.804846
0.804742
0.803265
0.805424
0.806411
0.807421
0.805931
0.804889
0.804644
0.805197
0.805468
0.804352
0.805537
0.806917
0.805892
0.807357
0.804375
0.801267
0.803067
0.803993
0.803736
0.804689
0.806113
0.807203
0.803636
0.804709
0.804786
0.802058
0.804468
0.805582
0.803821
0.803529
0.805325
0.808097
0.804585
0.805407
0.803819
0.805134
0.805061
0.806004
0.804408
0.802663
0.804809
0.804488
0.804141
0.802543
0.805668
0.802928
0.805252
0.804683
0.804304
0.807966
0.804563
0.804394
0.808305
0.804880
0.807044
0.806915
0.805863
0.804278
0.803118
0.804978
0.804376
0.802039
0.803319
0.806611
0.804831
0.810244
0.805437
0.804747
0.805157
0.806062
0.804697
0.803813
0.808304
0.803688
0.804279
0.803958
0.805966
0.806277
0.803241
0.805607
0.807373
0.806787
0.806811
0.804045
0.809547
0.803162
0.802625
0.803619
0.807385
0.809126
0.805588
0.804707
0.804003
0.806708
0.804818
0.804443
0.805970
0.807452
0.805796
0.803694
0.806113
0.805121
0.805915
0.805163
0.805269
0.805144
0.802887
0.802828
0.802655
0.809947
0.801902
0.804159
0.804376
0.802068
0.805962
0.806901
0.804629
0.807007
0.806014
0.804424
0.804303
0.804280
0.803798
0.804448
0.804660
0.807243
0.808421
0.806472
0.807698
0.805528
0.804612
0.809828
0.805000
0.805509
0.805525
0.808242
0.806675
0.803324
0.805381
0.804582
0.801483
0.804268
0.804229
0.800897
0.804510
0.803724
0.805533
0.806038
0.803692
0.803103
0.803406
0.806803
0.803623
0.805561
0.805509
0.806661
0.804140
0.806315
0.803634
0.806729
0.805074
0.803995
0.806714
0.806293
0.805303
0.804774
0.804382
0.805877
0.804414
0.806536
0.808603
0.807029
0.807726
0.808496
0.804148
0.805670
0.806244
0.804311
0.805284
0.805192
0.807566
0.807212
0.805524
0.805124
0.807602
0.808439
0.802869
0.804586
0.806992
0.804491
0.804302
0.803568
0.804928
0.804485
0.805688
0.804665
0.805074
0.803654
0.803895
0.804557
0.804559
0.801971
0.805327
0.807682
0.805392
0.806676
0.805375
0.804244
0.802643
0.803963
0.803548
0.804947
0.805460
0.807071
0.803740
0.804254
0.804780
0.805898
0.805202
0.804379
0.805270
0.803559
0.805116
0.807951
0.803951
0.806651
0.802980
0.806474
0.807497
0.808057
0.801523
0.804840
0.807392
0.804365
0.803451
0.807212
0.806349
0.806624
0.804944
0.809287
0.805507
0.807854
0.806456
0.804177
0.806869
0.805175
0.808028
0.804447
0.804839
0.803124
0.805436
0.807123
0.802077
0.805251
0.804358
0.807376
0.807100
0.809396
0.806571
0.805081
0.804508
0.804595
0.807485
0.804358
0.805502
0.805684
0.804146
0.805200
0.805483
0.804273
0.802652
0.805031
0.804373
0.808991
0.805346
0.805426
0.804066
0.807820
0.808571
0.807465
0.806283
0.806896
0.805071
0.804296
0.805454
0.803890
0.805389
0.809029
0.806674
0.804749
0.803859
0.804866
0.804611
0.805390
0.802762
0.802310
0.806929
0.803733
0.803399
0.803322
0.802949
0.805609
0.804793
0.802751
0.806223
0.805435
0.806435
0.804764
0.808879
0.806264
0.805086
0.804268
0.806415
0.808267
0.801890
0.804738
0.807516
0.803802
0.802957
0.806147
0.808242
0.802151
0.807156
0.806098
0.808199
0.805524
0.807152
0.807920
0.802871
0.805697
0.806365
0.807294
0.804184
0.804253
0.806368
0.803186
0.803120
0.802780
0.806865
0.807003
0.804929
0.807002
0.805800
0.802740
0.806100
0.804088
0.803680
0.804837
0.801138
0.804791
0.803689
0.805412
0.803113
0.806005
0.807255
0.805352
0.806207
0.802914
0.803255
0.805961
0.803113
0.801821
0.804234
0.805262
0.803691
0.804509
0.804542
0.804935
0.804434
0.806766
0.802438
0.806908
0.803751
0.807908
0.805087
0.803047
0.804874
0.801954
0.806343
0.808861
0.804365
0.806733
0.807015
0.806404
0.806308
0.805221
0.802368
0.804884
0.806479
0.804406
0.805659
0.805824
0.806838
0.805718
0.805078
0.804894
0.802455
0.804701
0.807770
0.806565
0.804377
0.804831
0.808372
0.804000
0.804366
0.807640
0.803524
0.805475
0.807778
0.805773
0.807300
0.805990
0.806098
0.806331
0.807887
0.804864
0.807944
0.803919
0.803733
0.807412
0.803248
0.802156
0.807225
0.809030
0.807007
0.804728
0.805204
0.806241
0.806350
0.804660
0.804688
0.804399
0.804941
0.806019
0.803607
0.805822
0.803268
0.805713
0.801451
0.807370
0.807142
0.805253
0.803310
0.805284
0.803076
0.806130
0.806354
0.806707
0.804436
0.806515
0.806907
0.806047
0.804741
0.803541
0.805633
0.803277
0.805944
0.803761
0.808110
0.804203
0.805382
0.803679
0.807061
0.806781
0.805141
0.804285
0.802369
0.803835
0.805474
0.807578
0.803738
0.803801
0.804000
0.802830
0.805926
0.804120
0.804529
0.801934
0.804349
0.803299
0.802289
0.808852
0.803953
0.805787
0.805575
0.808252
0.806046
0.805549
0.805460
0.806346
0.805353
0.805294
0.804108
0.804781
0.803118
0.802304
0.808966
0.805802
0.802849
0.807181
0.804635
0.805028
0.805039
0.803445
0.804554
0.807540
0.805035
0.807286
0.803451
0.805403
0.804809
0.805090
0.804205
0.805920
0.804997
0.805717
0.803977
0.807382
0.804866
0.804716
0.804354
0.805770
0.806713
0.809443
0.805644
0.805282
0.806643
0.803760
0.804272
0.807377
0.801482
0.806346
0.804176
0.807053
0.806111
0.805680
0.806585
0.804967
0.805134
0.805790
0.804554
0.804019
0.806493
0.801921
0.803728
0.804148
0.804850
0.804279
0.805505
0.805149
0.803561
0.804042
0.804884
0.806688
0.805146
0.805617
0.806986
0.806720
0.806479
0.805611
0.803212
0.807893
0.806232
0.809063
0.805271
0.807567
0.806803
0.806814
0.804174
0.807944
0.806866
0.805325
0.805456
0.803839
0.805062
0.802051
0.805399
0.804817
0.806207
0.805234
0.805380
0.806463
0.803224
0.805570
0.808861
0.805269
0.804277
0.806054
0.806781
0.804602
0.807377
0.808189
0.803769
0.806696
0.805703
0.804511
0.805896
0.804877
0.806544
0.803422
0.806360
0.803955
0.801810
0.808861
0.805030
0.803455
0.806258
0.804651
0.804546
0.806776
0.805135
0.803919
0.805927
0.805526
0.803700
0.802810
0.803875
0.806830
0.804855
0.805951
0.806817
0.808169
0.805013
0.807247
0.805611
0.804085
0.808028
0.805928
0.805368
0.807451
0.805604
0.804615
0.805525
0.803359
0.805500
0.805102
0.803703
0.805498
0.803759
0.804842
0.805527
0.803183
0.804956
0.805176
0.804847
0.805263
0.806284
0.805383
0.805409
0.807786
0.805610
0.804887
0.805739
0.804038
0.804925
0.802523
0.801662
0.806050
0.803774
0.804994
0.806491
0.804922
0.805597
0.806264
0.802143
0.803458
0.806798
0.803042
0.804467
0.805411
0.804583
0.802501
0.805909
0.805228
0.805370
0.803791
0.804579
0.805715
0.805707
0.802336
0.805301
0.803815
0.805350
0.804913
0.804768
0.804582
0.806259
0.804454
0.805661
0.805688
0.804068
0.803953
0.804109
0.803908
0.805948
0.803983
0.804581
0.804331
0.803724
0.805009
0.802310
0.804919
0.805645
0.804508
0.806648
0.804412
0.805316
0.804999
0.803330
0.804445
0.806171
0.803951
0.807036
0.807702
0.806332
0.807569
0.804407
0.802599
0.805071
0.803874
0.807956
0.802901
0.805477
0.804123
0.803351
0.805776
0.805999
0.803875
0.803720
0.803924
0.807151
0.804548
0.803777
0.806074
0.808246
0.804186
0.806516
0.804221
0.803962
0.806774
0.804361
0.805625
0.802860
0.805075
0.806001
0.805522
0.804313
0.805624
0.805141
0.806361
0.804601
0.804944
0.804620
0.806156
0.804848
0.805064
0.803528
0.803774
0.804710
0.806095
0.808409
0.806686
0.803083
0.804379
0.805088
0.803291
0.806451
0.804598
0.803830
0.807734
0.803208
0.804307
0.806757
0.806642
0.804073
0.808399
0.803040
0.803569
0.802623
0.805076
0.807616
0.804379
0.805844
0.804651
0.806739
0.803098
0.804509
0.800505
0.806512
0.805271
0.807381
0.803231
0.805672
0.810122
0.803992
0.805296
0.805048
0.804839
0.803285
0.806583
0.808548
0.804584
0.806590
0.806194
0.802607
0.804926
0.806230
0.805511
0.804477
0.806082
0.804283
0.808529
0.807143
0.806030
0.806161
0.805362
0.805714
0.805949
0.807175
0.805444
0.806820
0.806763
0.805461
0.803060
0.804119
0.806252
0.805226
0.804834
0.805861
0.803664
0.804368
0.803316
0.805271
0.807835
0.804510
0.804531
0.804376
0.805878
0.808031
0.806053
0.806897
0.803666
0.805800
0.804540
0.805887
0.804842
0.803450
0.806783
0.804897
0.805754
0.807118
0.806719
0.804384
0.804963
0.805226
0.800960
0.804918
0.806130
0.804755
0.807533
0.803229
0.802097
0.804041
0.804439
0.803445
0.806709
0.805872
0.805071
0.806136
0.808083
0.803840
0.806464
0.803695
0.806407
0.806014
0.804715
0.807400
0.803305
0.803596
0.803935
0.805555
0.805485
0.806537
0.806120
0.806384
0.804455
0.801753
0.803696
0.805640
0.807046
0.808562
0.802866
0.804900
0.806430
0.805013
0.804230
0.806136
0.806674
0.803683
0.806155
0.802947
0.804444
0.809812
0.805174
0.808077
0.808464
0.805798
0.804693
0.804641
0.809470
0.803702
0.805325
0.805209
0.805223
0.809492
0.804620
0.807271
0.804077
0.807271
0.804137
0.807006
0.804404
0.807013
0.806579
0.808467
0.807106
0.807852
0.804063
0.804109
0.806766
0.806928
0.802738
0.804477
0.806512
0.805358
0.804381
0.804750
0.807664
0.808721
0.806298
0.806068
0.804186
0.804322
0.801821
0.803503
0.805944
0.806765
0.805597
0.808260
0.804573
0.807063
0.807939
0.803393
0.806128
0.805968
0.804500
0.804901
0.804441
0.805422
0.804371
0.804355
0.804924
0.805745
0.807152
0.805341
0.806039
0.808537
0.805783
0.804078
0.804298
0.803844
0.807495
0.806084
0.805744
0.808311
0.803579
0.805394
0.803218
0.804266
0.807206
0.805498
0.807513
0.803777
0.807317
0.804988
0.804225
0.803918
0.803415
0.804903
0.807196
0.802654
0.803772
0.804584
0.804396
0.804375
0.805445
0.804720
0.806314
0.804171
0.803449
0.801514
0.803873
0.803353
0.804168
0.803950
0.808383
0.806387
0.805498
0.802762
0.805050
0.806949
0.805660
0.804218
0.803942
0.807243
0.806456
0.807338
0.806052
0.809639
0.805450
0.804375
0.806820
0.805741
0.802147
0.805538
0.807948
0.805095
0.804942
0.804305
0.806496
0.802522
0.804568
0.805027
0.806904
0.806156
0.806122
0.807343
0.803091
0.805901
0.804902
0.805651
0.807243
0.808542
0.804275
0.802967
0.804561
0.806025
0.804449
0.806368
0.803170
0.805166
0.803723
0.807851
0.805023
0.805973
0.805430
0.804108
0.806056
0.805016
0.804953
0.804378
0.805946
0.804793
0.802176
0.800991
0.806460
0.804941
0.806040
0.806106
0.806583
0.805626
0.802530
0.806819
0.805973
0.804265
0.802875
0.806789
0.805497
0.804414
0.803730
0.804905
0.805214
0.807139
0.807572
0.805674
0.806654
0.805155
0.804464
0.805088
0.808244
0.804923
0.806200
0.803841
0.807857
0.806333
0.802582
0.801262
0.805637
0.807806
0.804866
0.803979
0.806082
0.805521
0.804082
0.806272
0.807208
0.805272
0.805001
0.804329
0.805671
0.803528
0.809306
0.807631
0.803968
0.808228
0.804838
0.804729
0.804128
0.804800
0.805527
0.802104
0.805271
0.805860
0.806795
0.807951
0.803060
0.808488
0.804713
0.802656
0.807404
0.804475
0.802995
0.806148
0.808735
0.808007
0.806903
0.800797
0.804703
0.801677
0.806718
0.805919
0.804677
0.803248
0.803188
0.806374
0.803540
0.806155
0.806353
0.805269
0.804886
0.804997
0.802804
0.805488
0.808761
0.806700
0.805543
0.805914
0.809203
0.801685
0.807295
0.803825
0.802871
0.807538
0.805969
0.807377
0.800541
0.808383
0.805990
0.803991
0.804936
0.806368
0.803616
0.806437
0.803700
0.808290
0.804440
0.807491
0.806881
0.802858
0.806030
0.804861
0.803817
0.803333
0.805792
0.805528
0.803240
0.806592
0.809502
0.805244
0.807173
0.806052
0.804319
0.804766
0.804344
0.804803
0.804171
0.803302
0.804504
0.804985
0.806981
0.803804
0.806403
0.805315
0.806137
0.804805
0.803500
0.805218
0.802163
0.805911
0.806420
0.805699
0.803245
0.805311
0.805506
0.802719
0.803981
0.803773
0.805239
0.806165
0.805003
0.804023
0.806592
0.806914
0.806651
0.805088
0.805418
0.804369
0.804539
0.807528
0.805742
0.808449
0.805253
0.803624
0.803535
0.803948
0.809024
0.807134
0.803368
0.806143
0.803873
0.805378
0.809211
0.808642
0.805462
0.805388
0.805861
0.805794
0.805582
0.805354
0.805451
0.806362
0.805611
0.802440
0.801401
0.801518
0.803183
0.807247
0.806438
0.804385
0.806606
0.804139
0.803775
0.801438
0.804385
0.805290
0.805061
0.805471
0.803286
0.803718
0.804654
0.806607
0.808013
0.804607
0.804393
0.808249
0.808254
0.807770
0.805116
0.802996
0.807505
0.805578
0.803119
0.805861
0.801902
0.805930
0.805175
0.804581
0.809113
0.807647
0.804265
0.803784
0.804213
0.804891
0.805419
0.803317
0.803664
0.804544
0.806868
0.804955
0.802546
0.804874
0.806118
0.803954
0.804850
0.806470
0.802557
0.806182
0.803923
0.804185
0.807938
0.802460
0.803830
0.804488
0.803637
0.805616
0.803193
0.803120
0.804811
0.804295
0.804723
0.804288
0.806739
0.804250
0.803986
0.806243
0.805311
0.804379
0.805281
0.805550
0.803773
0.806487
0.805400
0.804758
0.804458
0.805093
0.806300
0.806934
0.806900
0.806943
0.806407
0.804090
0.806814
0.807138
0.805322
0.805229
0.804219
0.807951
0.805509
0.805537
0.806713
0.805358
0.803100
0.805925
0.803745
0.801964
0.805273
0.806696
0.807298
0.805280
0.806209
0.806676
0.806392
0.802590
0.804854
0.805803
0.806309
0.805489
0.805184
0.805928
0.808700
0.803338
0.804852
0.806004
0.803064
0.803982
0.804851
0.805140
0.803265
0.807033
0.805605
0.805865
0.804721
0.805149
0.805132
0.805509
0.803768
0.804162
0.807761
0.807793
0.804228
0.805869
0.808120
0.805401
0.809358
0.805903
0.803689
0.804724
0.806693
0.802669
0.803227
0.806815
0.804193
0.803352
0.803311
0.808544
0.808738
0.807420
0.803498
0.801610
0.803832
0.808234
0.806964
0.804593
0.807249
0.805986
0.806103
0.809543
0.806730
0.806472
0.804138
0.802980
0.804372
0.805872
0.806108
0.808056
0.805360
0.804238
0.803192
0.804810
0.805608
0.804059
0.804853
0.806377
0.802479
0.803217
0.805976
0.803633
0.806592
0.803987
0.805020
0.801506
0.805657
0.804459
0.803498
0.808074
0.804662
0.808880
0.802051
0.805282
0.801776
0.803936
0.804221
0.804924
0.804588
0.806379
0.804770
0.804388
0.805463
0.805936
0.804804
0.802809
0.809184
0.804726
0.806019
0.802717
0.803590
0.806555
0.804225
0.803192
0.805016
0.804978
0.803283
0.803796
0.804994
0.807413
0.801028
0.803234
0.804819
0.806542
0.803965
0.806194
0.805386
0.803350
0.807222
0.805584
0.806304
0.806568
0.805728
0.800526
0.806468
0.803302
0.805337
0.804423
0.804472
0.807069
0.804463
0.805712
0.806287
0.805203
0.802967
0.806157
0.801501
0.801922
0.803655
0.809039
0.802777
0.804579
0.806712
0.807197
0.807344
0.805434
0.805237
0.805781
0.804826
0.803167
0.805366
0.805416
0.802641
0.805252
0.805519
0.803223
0.803806
0.807046
0.805030
0.804472
0.808061
0.805768
0.806533
0.805311
0.807143
0.805867
0.807403
0.805306
0.804151
0.802626
0.803365
0.805497
0.802040
0.802421
0.804466
0.806237
0.804679
0.805332
0.804553
0.804626
0.805921
0.803258
0.807012
0.805136
0.803503
0.804146
0.807985
0.807977
0.805125
0.806728
0.807179
0.804180
0.807659
0.807698
0.807673
0.803884
0.806329
0.807086
0.806985
0.805089
0.807466
0.806331
0.803994
0.805926
0.803770
0.807367
0.807388
0.805951
0.805699
0.804929
0.804637
0.802297
0.805032
0.806766
0.808107
0.805506
0.808153
0.805655
0.804919
0.804966
0.807498
0.804730
0.805698
0.806529
0.805054
0.806202
0.809563
0.805496
0.808220
0.806929
0.808278
0.804978
0.805862
0.804131
0.803163
0.805317
0.805164
0.801686
0.804857
0.808044
0.804359
0.805625
0.803062
0.805761
0.803311
0.808758
0.804320
0.804445
0.803139
0.803960
0.805914
0.807276
0.807376
0.801243
0.803849
0.804932
0.804046
0.806393
0.806928
0.806588
0.804736
0.803518
0.805057
0.806226
0.803228
0.805297
0.806584
0.807106
0.806715
0.803999
0.804292
0.805687
0.807075
0.804257
0.807471
0.802089
0.807215
0.805599
0.804840
0.806045
0.804899
0.803786
0.804220
0.805766
0.806231
0.805081
0.804463
0.805121
0.806240
0.803724
0.805120
0.802904
0.804197
0.806173
0.803751
0.805224
0.806320
0.804505
0.804388
0.807340
0.803870
0.803687
0.805424
0.803868
0.803491
0.804237
0.802436
0.803119
0.805401
0.803016
0.806359
0.806965
0.804108
0.802257
0.805071
0.805912
0.804965
0.805699
0.803051
0.802543
0.802224
0.804098
0.807949
0.804107
0.808799
0.805204
0.803682
0.804515
0.804711
0.807000
0.806463
0.804159
0.805252
0.806100
0.805849
0.806568
0.805497
0.807805
0.805965
0.806160
0.804957
0.804658
0.805660
0.806315
0.803974
0.805301
0.803693
0.806811
0.801989
0.808013
0.806410
0.806110
0.805063
0.801284
0.806206
0.803538
0.803872
0.805230
0.802417
0.808247
0.805425
0.804141
0.805486
0.802458
0.805890
0.807064
0.804913
0.807686
0.805322
0.806578
0.805042
0.806407
0.804080
0.805465
0.802211
0.806545
0.804298
0.806520
0.805143
0.804858
0.804952
0.803761
0.806411
0.805809
0.807545
0.804785
0.809100
0.805166
0.808127
0.807157
0.805681
0.804883
0.805277
0.802205
0.804605
0.805264
0.807561
0.806550
0.804977
0.805691
0.804966
0.805647
0.805752
0.804889
0.806198
0.806390
0.805673
0.803358
0.804180
0.807946
0.803834
0.806022
0.802687
0.805818
0.805812
0.804621
0.805087
0.805373
0.801599
0.805204
0.806166
0.806581
0.802695
0.805516
0.809224
0.806292
0.804004
0.803890
0.805605
0.807878
0.805904
0.805137
0.806298
0.807825
0.804218
0.805865
0.807012
0.807510
0.804100
0.805055
0.806142
0.805136
0.805779
0.806450
0.806258
0.804996
0.807079
0.805862
0.804834
0.803208
0.801369
0.802482
0.804992
0.808224
0.804030
0.803306
0.805497
0.805912
0.803132
0.807377
0.805830
0.806504
0.810736
0.803426
0.804810
0.803183
0.804219
0.808030
0.805297
0.803308
0.805347
0.803965
0.806263
0.804631
0.802182
0.806151
0.805912
0.804594
0.800754
0.805064
0.804768
0.806242
0.805168
0.804581
0.804455
0.806239
0.807387
0.803916
0.805532
0.806034
0.804175
0.804395
0.802839
0.805395
0.802703
0.803963
0.805562
0.804456
0.804962
0.806247
0.804408
0.805944
0.806055
0.805174
0.805486
0.803919
0.806862
0.803799
0.805698
0.807016
0.805700
0.807445
0.806499
0.805561
0.804327
0.807520
0.805064
0.803378
0.804519
0.805061
0.805700
0.801739
0.806294
0.807033
0.802087
0.805175
0.805487
0.806685
0.805464
0.805040
0.807706
0.805196
0.803987
0.805109
0.805364
0.804840
0.808538
0.804853
0.804827
0.806498
0.806052
0.805598
0.805726
0.804414
0.803944
0.806659
0.805318
0.805315
0.804303
0.804401
0.805735
0.804578
0.805642
0.805673
0.806163
0.804887
0.806494
0.802837
0.807855
0.804489
0.804641
0.808006
0.808016
0.804444
0.806075
0.807990
0.805049
0.802589
0.803285
0.808419
0.804481
0.803483
0.805925
0.805411
0.805434
0.806888
0.804977
0.804512
0.804402
0.805323
0.802288
0.804518
0.805297
0.804873
0.805106
0.804652
0.804227
0.804716
0.806723
0.806950
0.807191
0.805693
0.805966
0.809266
0.805531
0.803494
0.806371
0.807827
0.803007
0.805754
0.802815
0.805696
0.806800
0.806037
0.803765
0.803192
0.804429
0.801789
0.804146
0.806643
0.803616
0.805843
0.806990
0.802484
0.804797
0.804776
0.806330
0.805225
0.805917
0.804967
0.803039
0.805966
0.803555
0.803913
0.804476
0.805755
0.807334
0.804688
0.803910
0.801906
0.802675
0.804050
0.804226
0.802469
0.807184
0.803821
0.805212
0.804768
0.805495
0.805211
0.803045
0.804708
0.804739
0.803638
0.803598
0.805019
0.803857
0.808553
0.805011
0.805452
0.803417
0.807432
0.807498
0.805027
0.806411
0.806048
0.809107
0.804334
0.802470
0.803894
0.804033
0.804953
0.805275
0.807899
0.808186
0.806905
0.809456
0.804651
0.804758
0.806295
0.808103
0.806680
0.807099
0.805484
0.805369
0.805455
0.807356
0.806215
0.803103
0.804078
0.806352
0.806279
0.804501
0.805450
0.805489
0.803150
0.806945
0.802129
0.802437
0.800439
0.804761
0.803501
0.805978
0.804707
0.805311
0.806778
0.805020
0.805592
0.805921
0.803576
0.804516
0.805713
0.807404
0.807049
0.805173
0.803916
0.807165
0.804101
0.806271
0.803789
0.805077
0.804156
0.804834
0.805912
0.804623
0.805715
0.806655
0.805251
0.806149
0.805845
0.803705
0.805380
0.805343
0.805465
0.804841
0.803896
0.806808
0.806705
0.804619
0.805607
0.806603
0.805348
0.806382
0.807585
0.805812
0.805157
0.807228
0.806973
0.805949
0.804997
0.809376
0.804218
0.807889
0.802322
0.805712
0.802167
0.802737
0.804164
0.809600
0.806534
0.806104
0.808293
0.804826
0.805045
0.802558
0.804742
0.804599
0.804965
0.808313
0.806227
0.804121
0.806080
0.806227
0.803478
0.804320
0.806139
0.808367
0.802162
0.806366
0.806763
0.803399
0.802642
0.806555
0.803484
0.806817
0.804368
0.808491
0.806380
0.805915
0.803347
0.802867
0.805444
0.804945
0.802907
0.808812
0.807213
0.802358
0.806397
0.803626
0.803695
0.806476
0.805640
0.806316
0.804905
0.804456
0.805629
0.804195
0.805531
0.804128
0.804859
0.804770
0.807053
0.806186
0.803411
0.804024
0.802565
0.804447
0.804893
0.805437
0.804636
0.805586
0.803065
0.805867
0.806614
0.807312
0.804275
0.805008
0.806784
0.804510
0.803165
0.803087
0.802846
0.804298
0.804607
0.805427
0.806378
0.800700
0.805263
0.805899
0.806337
0.807735
0.802714
0.804028
0.804718
0.806095
0.805423
0.808119
0.803299
0.804926
0.805026
0.806038
0.805590
0.807534
0.803725
0.806345
0.804761
0.802207
0.807906
0.804038
0.806422
0.806548
0.803442
0.809245
0.805032
0.807939
0.804428
0.806110
0.805702
0.805896
0.803657
0.805100
0.804449
0.807386
0.805744
0.807008
0.807482
0.806211
0.808885
0.803909
0.805686
0.806526
0.807696
0.806585
0.802787
0.806272
0.804032
0.807487
0.804634
0.805267
0.803665
0.808304
0.802926
0.806927
0.803146
0.807530
0.807608
0.802260
0.807957
0.803397
0.803622
0.806941
0.803152
0.805525
0.806127
0.807522
0.805721
0.805972
0.805156
0.804478
0.806426
0.804616
0.807867
0.803771
0.805109
0.802004
0.807001
0.804019
0.804855
0.804062
0.806350
0.804207
0.802906
0.804571
0.805061
0.806694
0.808375
0.805320
0.805543
0.807954
0.804021
0.804700
0.804921
0.804580
0.807311
0.803126
0.807508
0.805974
0.803814
0.802726
0.803359
0.805124
0.805111
0.806875
0.803975
0.804575
0.802076
0.805873
0.804092
0.805207
0.804583
0.806366
0.803614
0.803274
0.806364
0.804531
0.805376
0.804578
0.803747
0.804665
0.805046
0.804247
0.801179
0.807925
0.804480
0.805392
0.803700
0.805523
0.806739
0.805811
0.803357
0.807489
0.807278
0.805691
0.805577
0.803423
0.803912
0.807401
0.804739
0.803867
0.806039
0.805059
0.803965
0.806554
0.802489
0.806863
0.805457
0.805638
0.805728
0.805683
0.805099
0.805836
0.805701
0.804901
0.805914
0.805073
0.808066
0.808465
0.804006
0.803494
0.802678
0.805223
0.808225
0.804277
0.806884
0.805420
0.805643
0.807369
0.804011
0.803542
0.803041
0.805584
0.808540
0.804741
0.804347
0.805932
0.803437
0.803505
0.805783
0.804706
0.804222
0.805742
0.804287
0.803533
0.804571
0.804664
0.806305
0.806892
0.805786
0.804022
0.806588
0.803881
0.805646
0.803530
0.808394
0.805072
0.805798
0.805872
0.806295
0.805820
0.804339
0.804726
0.804641
0.804446
0.806162
0.806304
0.803956
0.804063
0.806157
0.801758
0.805366
0.804151
0.804956
0.802504
0.804547
0.807668
0.805454
0.806151
0.806755
0.803147
0.806405
0.805918
0.804139
0.804294
0.805335
0.806960
0.806648
0.803829
0.808085
0.805124
0.805230
0.806405
0.804647
0.805341
0.806051
0.807872
0.809264
0.806044
0.802431
0.805994
0.804113
0.806769
0.803049
0.808043
0.803657
0.804947
0.806581
0.807461
0.804332
0.806620
0.806030
0.804811
0.803647
0.804756
0.803342
0.804064
0.806890
0.807491
0.803721
0.805777
0.806141
0.805617
0.805210
0.807079
0.806372
0.805461
0.804401
0.806700
0.803824
0.805840
0.805211
0.806386
0.805200
0.808885
0.803816
0.805923
0.805810
0.807967
0.805605
0.804874
0.809103
0.804532
0.807425
0.803830
0.805023
0.806464
0.807254
0.803469
0.807399
0.805580
0.807908
0.805139
0.807736
0.803114
0.803270
0.806123
0.804332
0.805708
0.804842
0.805557
0.804099
0.804598
0.806780
0.804241
0.804106
0.805810
0.802486
0.808498
0.804407
0.805540
0.804259
0.805406
0.805080
0.805434
0.805809
0.805013
0.807285
0.804863
0.808010
0.802865
0.803903
0.803537
0.806350
0.804674
0.809255
0.804276
0.805067
0.807288
0.804098
0.803263
0.803233
0.804649
0.805972
0.805514
0.806159
0.804160
0.806615
0.803732
0.802027
0.806540
0.803507
0.806194
0.805505
0.806182
0.805751
0.806208
0.806339
0.804994
0.803386
0.803770
0.805755
0.801054
0.807954
0.806385
0.807492
0.806325
0.803939
0.803092
0.807977
0.805510
0.807785
0.802616
0.806873
0.807189
0.805788
0.801629
0.805085
0.808118
0.807061
0.804755
0.804971
0.804541
0.804784
0.803763
0.807030
0.806515
0.805610
0.808149
0.803563
0.805160
0.805431
0.805089
0.803777
0.805566
0.805569
0.806737
0.804525
0.806001
0.805488
0.806135
0.808682
0.802605
0.806098
0.806136
0.805125
0.806961
0.805883
0.803094
0.802982
0.805231
0.805015
0.805589
0.807811
0.806042
0.806890
0.806532
0.804291
0.805083
0.804268
0.805457
0.803981
0.805824
0.808091
0.807341
0.802900
0.806637
0.806177
0.808323
0.805661
0.802887
0.805734
0.806884
0.803081
0.804495
0.806475
0.802816
0.804703
0.803957
0.805099
0.804303
0.806859
0.805760
0.807752
0.802514
0.806165
0.806510
0.803549
0.803261
0.805513
0.806406
0.806253
0.809203
0.808505
0.804977
0.806615
0.804500
0.806062
0.806480
0.805589
0.803563
0.804482
0.803631
0.803031
0.803527
0.803394
0.807156
0.804588
0.807080
0.805365
0.807055
0.805443
0.806704
0.805117
0.805752
0.805182
0.804874
0.802996
0.804117
0.804818
0.805671
0.805236
0.804494
0.802243
0.803501
0.808491
0.807185
0.804840
0.804688
0.804085
0.804997
0.807078
0.802689
0.804587
0.806082
0.805924
0.808577
0.807649
0.804800
0.805630
0.806588
0.803931
0.805277
0.803337
0.806418
0.804956
0.805946
0.806354
0.803277
0.805493
0.803118
0.806893
0.804225
0.803287
0.804238
0.805969
0.808849
0.803693
0.804393
0.806483
0.804990
0.803262
0.804942
0.805587
0.805379
0.804906
0.805349
0.804644
0.806559
0.806519
0.802280
0.804292
0.804546
0.803852
0.804940
0.803758
0.805673
0.806176
0.805659
0.807704
0.803685
0.804147
0.808239
0.807277
0.804096
0.803975
0.805186
0.802469
0.804520
0.807046
0.807573
0.806204
0.800737
0.807081
0.805594
0.805815
0.806359
0.806538
0.809499
0.806487
0.804294
0.802757
0.803618
0.807363
0.806619
0.806380
0.806952
0.807429
0.805665
0.805415
0.805567
0.801429
0.806245
0.805533
0.805111
0.806578
0.805070
0.802879
0.800487
0.804498
0.806334
0.805827
0.805245
0.805106
0.806012
0.804451
0.805355
0.806282
0.805832
0.807125
0.804419
0.807560
0.804101
0.805772
0.803440
0.805652
0.802301
0.807242
0.804845
0.806527
0.804185
0.804607
0.806254
0.804684
0.805318
0.804783
0.801838
0.805098
0.804884
0.804773
0.808003
0.807017
0.805809
0.805178
0.806172
0.805961
0.805648
0.805003
0.806118
0.804045
0.807923
0.804520
0.803706
0.805518
0.804645
0.805882
0.805985
0.803000
0.803923
0.803490
0.803504
0.805537
0.803496
0.804710
0.807537
0.806200
0.804654
0.804648
0.805905
0.806874
0.805649
0.804525
0.805540
0.803116
0.806472
0.803386
0.806177
0.803767
0.803187
0.803031
0.803776
0.805517
0.804637
0.806827
0.805873
0.803780
0.804664
0.806672
0.804813
0.806286
0.804747
0.803262
0.808244
0.805333
0.805141
0.802929
0.808113
0.806991
0.804496
0.804512
0.804957
0.807354
0.805387
0.806504
0.805220
0.803128
0.802848
0.807353
0.805136
0.803535
0.804054
0.803462
0.805579
0.804575
0.805744
0.805673
0.807816
0.807055
0.806102
0.806884
0.804581
0.802729
0.807009
0.805762
0.804724
0.805322
0.804636
0.805083
0.805772
0.806834
0.806064
0.804510
0.804582
0.809308
0.803371
0.807883
0.803560
0.805000
0.801901
0.806328
0.803231
0.805023
0.803898
0.807089
0.803491
0.806874
0.804245
0.805703
0.804523
0.803600
0.805364
0.803995
0.802285
0.804483
0.804426
0.805588
0.807802
0.807983
0.805628
0.802591
0.805269
0.804567
0.805908
0.806261
0.804034
0.804173
0.805702
0.801802
0.805675
0.805198
0.805113
0.804525
0.808575
0.806784
0.807204
0.805019
0.805835
0.804072
0.808619
0.804195
0.804680
0.805798
0.802237
0.806419
0.805848
0.804050
0.805395
0.806491
0.805680
0.808140
0.808056
0.805058
0.804466
0.806218
0.804786
0.807739
0.804540
0.802251
0.805186
0.805770
0.803719
0.805405
0.806354
0.802314
0.805364
0.806393
0.802111
0.804685
0.805842
0.804093
0.807032
0.805283
0.806169
0.804826
0.806489
0.805687
0.803150
0.809702
0.806632
0.804200
0.804022
0.806592
0.807194
0.808571
0.800453
0.802221
0.805705
0.806120
0.805256
0.806157
0.804737
0.804443
0.806293
0.808727
0.805402
0.805916
0.802646
0.805468
0.805570
0.808686
0.806210
0.804789
0.802563
0.806203
0.803906
0.803656
0.805996
0.804719
0.802240
0.806185
0.806070
0.803953
0.802781
0.806659
0.803666
0.801831
0.806619
0.806192
0.804749
0.805911
0.805691
0.805013
0.802692
0.805527
0.807309
0.803626
0.802848
0.804285
0.805163
0.807166
0.804029
0.808046
0.805472
0.804170
0.808231
0.806284
0.803510
0.806605
0.805913
0.805249
0.803339
0.806627
0.806874
0.808169
0.805147
0.805655
0.804832
0.804317
0.806221
0.804302
0.805579
0.805640
0.804575
0.804893
0.807695
0.803915
0.806666
0.805421
0.804972
0.802689
0.806417
0.807017
0.808469
0.807009
0.803317
0.804932
0.806137
0.805365
0.803975
0.804897
0.804500
0.806061
0.805408
0.806619
0.806924
0.805098
0.808436
0.806247
0.805524
0.803999
0.804792
0.802882
0.806205
0.806451
0.807858
0.804275
0.804704
0.808505
0.806700
0.805938
0.804063
0.804622
0.805917
0.806061
0.806297
0.806551
0.808956
0.803981
0.802866
0.804589
0.803239
0.809354
0.806503
0.803669
0.805575
0.804709
0.807395
0.807086
0.804885
0.805581
0.806595
0.806583
0.804879
0.806756
0.809453
0.803488
0.805216
0.808275
0.806468
0.802662
0.804397
0.804838
0.806045
0.804611
0.805875
0.805365
0.808061
0.803580
0.806215
0.806394
0.802035
0.805679
0.804976
0.804675
0.805158
0.803738
0.805562
0.806392
0.805854
0.808131
0.804334
0.803693
0.806378
0.806886
0.807846
0.805550
0.806872
0.806238
0.802636
0.803524
0.808051
0.805504
0.803071
0.807081
0.804282
0.805446
0.803358
0.805802
0.805367
0.804735
0.806524
0.808773
0.804863
0.803262
0.806651
0.806689
0.809028
0.804428
0.807349
0.802166
0.806904
0.803226
0.806561
0.807987
0.804635
0.804158
0.806458
0.801926
0.805025
0.805035
0.805111
0.804076
0.806056
0.805160
0.807223
0.803830
0.805956
0.802438
0.805092
0.803972
0.805567
0.804103
0.806840
0.803824
0.806021
0.805243
0.803349
0.803853
0.805102
0.804709
0.805720
0.805027
0.806566
0.805649
0.803370
0.807150
0.805313
0.806519
0.804096
0.804112
0.802168
0.810277
0.807073
0.805041
0.803607
0.806093
0.806791
0.806666
0.808348
0.805343
0.805506
0.807742
0.806774
0.805490
0.805725
0.803734
0.808575
0.804773
0.804242
0.803656
0.806260
0.805788
0.809239
0.805365
0.805899
0.806891
0.804744
0.806799
0.802880
0.805667
0.803864
0.806396
0.806216
0.805002
0.804718
0.804774
0.805534
0.806151
0.805738
0.804470
0.805516
0.806186
0.803490
0.806411
0.806358
0.803609
0.805546
0.804597
0.803503
0.806126
0.803976
0.804499
0.803852
0.803722
0.805574
0.806651
0.804745
0.803058
0.805389
0.805891
0.806192
0.802675
0.804430
0.806026
0.805741
0.804277
0.803411
0.803657
0.807797
0.803951
0.805871
0.805428
0.804704
0.803835
0.805207
0.808197
0.805647
0.803550
0.806433
0.805972
0.806683
0.803246
0.806578
0.803535
0.806259
0.804134
0.803238
0.803050
0.806615
0.802987
0.802399
0.807063
0.807753
0.808917
0.804511
0.805558
0.805718
0.806077
0.804664
0.804602
0.803570
0.804039
0.801539
0.807497
0.805355
0.805738
0.805282
0.805202
0.807132
0.805996
0.804007
0.804503
0.803762
0.806149
0.807103
0.807755
0.805914
0.800862
0.802707
0.805133
0.801325
0.807723
0.808168
0.804917
0.805825
0.807028
0.803608
0.803860
0.807588
0.806076
0.804495
0.805859
0.805371
0.805690
0.802911
0.803333
0.804565
0.806980
0.806039
0.806272
0.803637
0.803654
0.806453
0.805649
0.803899
0.805350
0.802162
0.806506
0.805794
0.802530
0.805498
0.806753
0.803586
0.806899
0.804022
0.805731
0.808421
0.803340
0.806984
0.805715
0.805022
0.804625
0.805813
0.804297
0.805413
0.805838
0.805224
0.804871
0.806835
0.805599
0.804470
0.802914
0.806525
0.804653
0.804166
0.805336
0.802093
0.805203
0.807204
0.810293
0.804741
0.804020
0.806394
0.806176
0.803260
0.803810
0.807666
0.803787
0.803404
0.805233
0.803164
0.806916
0.804676
0.806789
0.802889
0.806488
0.802968
0.804795
0.804268
0.806941
0.802222
0.804161
0.806086
0.802527
0.804386
0.805949
0.803918
0.803662
0.804394
0.809791
0.806191
0.806045
0.805691
0.805067
0.805544
0.804831
0.805378
0.804771
0.805755
0.805168
0.802614
0.808245
0.805648
0.806788
0.803729
0.805805
0.806018
0.806980
0.806624
0.806042
0.804989
0.803883
0.804426
0.805068
0.806156
0.805827
0.807084
0.803266
0.807481
0.802359
0.804623
0.804049
0.805716
0.804191
0.807039
0.806970
0.805075
0.806377
0.803333
0.807488
0.802381
0.807496
0.808059
0.804621
0.805900
0.804939
0.805133
0.806628
0.803412
0.807462
0.805550
0.803343
0.806419
0.806106
0.807872
0.806437
0.804334
0.804404
0.805370
0.807356
0.801676
0.805354
0.804120
0.801552
0.805081
0.804913
0.805796
0.806895
0.803420
0.807069
0.803960
0.804867
0.803673
0.806456
0.803495
0.809620
0.807856
0.805727
0.805786
0.805755
0.806832
0.802070
0.805581
0.804708
0.803694
0.801352
0.805205
0.805143
0.808828
0.809765
0.808007
0.805584
0.803038
0.806140
0.805872
0.808453
0.807373
0.806617
0.806806
0.805944
0.808629
0.809313
0.805194
0.807172
0.807759
0.802965
0.805459
0.805278
0.804799
0.805341
0.804657
0.803035
0.804961
0.805240
0.805876
0.804489
0.806785
0.805501
0.806632
0.803968
0.808830
0.803000
0.806153
0.803976
0.806365
0.803707
0.805765
0.806525
0.805498
0.805400
0.805625
0.805546
0.806736
0.807062
0.804243
0.805466
0.804821
0.804667
0.804672
0.806105
0.804160
0.804866
0.806727
0.806883
0.804729
0.805859
0.803382
0.803232
0.808433
0.805998
0.807152
0.804127
0.805160
0.808593
0.805143
0.804489
0.807688
0.804220
0.804535
0.806165
0.805442
0.801771
0.804636
0.806385
0.806721
0.805115
0.803985
0.807012
0.803960
0.804439
0.804134
0.806415
0.806251
0.805139
0.806776
0.806507
0.805737
0.803665
0.804599
0.806741
0.806536
0.804822
0.807703
0.806399
0.809677
0.803557
0.808801
0.804367
0.805272
0.807521
0.804840
0.803111
0.803423
0.807439
0.801929
0.805790
0.801800
0.807589
0.804374
0.805347
0.803177
0.803575
0.804459
0.805454
0.804283
0.802231
0.803981
0.805427
0.806505
0.808802
0.805552
0.805965
0.805938
0.806925
0.806404
0.805463
0.802966
0.803830
0.805914
0.809254
0.804226
0.808717
0.808211
0.807617
0.803629
0.805397
0.806595
0.810777
0.807207
0.803613
0.806790
0.805078
0.803455
0.806739
0.806086
0.804619
0.806354
0.804686
0.806743
0.800400
0.802335
0.801267
0.806320
0.803840
0.809338
0.805286
0.805271
0.802375
0.804414
0.804915
0.807327
0.805597
0.804667
0.804805
0.804232
0.803280
0.804470
0.803679
0.804153
0.806421
0.807673
0.806225
0.807755
0.804857
0.803210
0.805794
0.808598
0.805432
0.805017
0.806555
0.805335
0.807856
0.803457
0.804386
0.804248
0.807377
0.806215
0.804071
0.802081
0.803051
0.804679
0.805526
0.807438
0.807221
0.804280
0.805744
0.806604
0.802815
0.806653
0.808342
0.806460
0.806236
0.802944
0.804200
0.806061
0.804669
0.807692
0.807590
0.807391
0.804899
0.803667
0.803647
0.805982
0.810244
0.805655
0.804047
0.806464
0.810332
0.805798
0.804436
0.806835
0.808273
0.803979
0.805880
0.806201
0.804350
0.806759
0.805754
0.809442
0.804259
0.805031
0.806675
0.805903
0.803706
0.808207
0.807005
0.806551
0.805503
0.803738
0.808993
0.805423
0.803717
0.804117
0.803753
0.804770
0.805287
0.802043
0.806349
0.805158
0.804588
0.802829
0.807922
0.807228
0.804679
0.804927
0.805298
0.803944
0.805334
0.804165
0.804695
0.810106
0.807274
0.804512
0.805456
0.803168
0.804724
0.804477
0.805756
0.805162
0.806874
0.801221
0.805355
0.807180
0.804583
0.807917
0.801911
0.802211
0.805866
0.803915
0.805859
0.802424
0.802175
0.809719
0.804445
0.805330
0.805235
0.807534
0.806372
0.807138
0.805387
0.807185
0.805056
0.807635
0.804928
0.806206
0.804681
0.806681
0.801227
0.804489
0.804792
0.806504
0.805828
0.802790
0.804380
0.808558
0.804011
0.807201
0.806833
0.804990
0.805739
0.807340
0.803417
0.804733
0.807740
0.805372
0.804898
0.800588
0.804051
0.805778
0.804400
0.802899
0.806145
0.804199
0.805530
0.804732
0.803451
0.804740
0.805979
0.806200
0.803854
0.804834
0.805201
0.807535
0.802282
0.804833
0.805413
0.804814
0.804889
0.807698
0.806298
0.803650
0.802834
0.803428
0.806797
0.802348
0.805770
0.802442
0.804052
0.806119
0.802865
0.804105
0.806206
0.803755
0.805481
0.803331
0.804818
0.805744
0.805674
0.806588
0.803267
0.806562
0.804993
0.807154
0.807407
0.805377
0.802781
0.804376
0.804388
0.801752
0.804793
0.805474
0.805435
0.801543
0.803688
0.804500
0.802630
0.805164
0.805194
0.803587
0.805003
0.803672
0.804843
0.804603
0.809269
0.807490
0.805345
0.804270
0.803962
0.805054
0.804528
0.806291
0.804270
0.805489
0.804862
0.807051
0.806107
0.803415
0.805695
0.806050
0.808484
0.806899
0.802783
0.806466
0.805506
0.804167
0.802881
0.807770
0.803907
0.807594
0.807445
0.803677
0.805823
0.806474
0.804255
0.804395
0.805996
0.805875
0.803579
0.807307
0.804222
0.807869
0.804063
0.804851
0.806417
0.806259
0.806545
0.805442
0.805821
0.806486
0.807874
0.803978
0.804322
0.806558
0.805031
0.807421
0.804987
0.806181
0.803612
0.803861
0.802002
0.805434
0.805069
0.806632
0.804897
0.805672
0.805306
0.805820
0.806178
0.805224
0.804698
0.804289
0.803408
0.805384
0.804269
0.805912
0.806177
0.806588
0.806447
0.808045
0.805734
0.804675
0.805980
0.804351
0.806862
0.805743
0.805969
0.804789
0.805483
0.803694
0.803213
0.804681
0.803570
0.806055
0.804610
0.804386
0.805846
0.802546
0.806592
0.805299
0.805628
0.803326
0.809137
0.808264
0.804905
0.806366
0.805869
0.807265
0.807524
0.804014
0.805253
0.803910
0.804074
0.801858
0.802570
0.802741
0.803287
0.803593
0.805759
0.808379
0.805306
0.802376
0.806072
0.803505
0.804868
0.803143
0.802609
0.806635
0.804171
0.804896
0.804345
0.807705
0.805268
0.805955
0.806372
0.803182
0.807342
0.804460
0.806048
0.805000
0.803808
0.804596
0.803900
0.803494
0.802022
0.807128
0.805691
0.808990
0.804601
0.806912
0.803292
0.805510
0.804628
0.804809
0.808122
0.806084
0.804805
0.805536
0.804467
0.805937
0.803280
0.807591
0.805094
0.807365
0.802921
0.805055
0.804446
0.804119
0.804612
0.802885
0.803881
0.807005
0.807062
0.805836
0.802462
0.804720
0.804186
0.804924
0.806961
0.805150
0.803314
0.804719
0.805653
0.803509
0.806878
0.803470
0.802860
0.806484
0.807173
0.804274
0.803435
0.808158
0.806584
0.805085
0.802941
0.804147
0.803717
0.801474
0.802897
0.804590
0.806209
0.805745
0.805209
0.803334
0.809260
0.804546
0.801753
0.808616
0.806295
0.805488
0.805728
0.804860
0.805416
0.805743
0.807501
0.803188
0.805817
0.804491
0.805343
0.805109
0.804770
0.806084
0.803987
0.804707
0.804872
0.805757
0.803345
0.806352
0.806494
0.805797
0.803067
0.807868
0.802531
0.807457
0.804862
0.803319
0.804079
0.804554
0.804463
0.807073
0.805755
0.804456
0.805199
0.804603
0.806008
0.803304
0.805767
0.803788
0.803988
0.804535
0.804929
0.804742
0.805857
0.807594
0.806376
0.804955
0.805998
0.806446
0.803916
0.805564
0.807273
0.806549
0.804350
0.808158
0.806972
0.804337
0.803760
0.807685
0.806084
0.805001
0.804584
0.806074
0.802269
0.805616
0.806050
0.806777
0.808200
0.804695
0.804128
0.804660
0.801852
0.805775
0.809909
0.805973
0.808430
0.803115
0.805700
0.803654
0.805602
0.807098
0.804534
0.806336
0.804333
0.805600
0.805109
0.802562
0.806230
0.806079
0.804729
0.805478
0.805224
0.804275
0.804229
0.807737
0.806065
0.805671
0.804927
0.804617
0.805339
0.807533
0.805153
0.802897
0.807633
0.804163
0.805254
0.803767
0.804431
0.808022
0.803894
0.804584
0.804686
0.805260
0.805585
0.806354
0.806125
0.805598
0.803432
0.804095
0.805188
0.804781
0.806204
0.807638
0.802017
0.806147
0.804603
0.807441
0.803834
0.804317
0.804568
0.807837
0.804531
0.803832
0.806417
0.805722
0.805409
0.805332
0.807331
0.808242
0.809234
0.807551
0.804841
0.809590
0.805039
0.805765
0.807492
0.803664
0.807919
0.806442
0.804316
0.807610
0.804315
0.806859
0.805195
0.804254
0.803665
0.805646
0.804581
0.808082
0.805923
0.803574
0.807329
0.808842
0.805318
0.802502
0.805598
0.808441
0.804772
0.802981
0.805809
0.804925
0.807581
0.805152
0.806103
0.802935
0.803789
0.805779
0.807051
0.804684
0.803469
0.801595
0.802559
0.804620
0.803819
0.804777
0.806426
0.805262
0.806300
0.805330
0.802550
0.805361
0.804700
0.806215
0.805561
0.805913
0.804584
0.807116
0.806191
0.804858
0.805784
0.802916
0.805490
0.805574
0.804935
0.806916
0.806121
0.805440
0.804983
0.808569
0.806526
0.807678
0.803480
0.804366
0.806451
0.805532
0.804291
0.804091
0.806188
0.804291
0.805423
0.809068
0.804944
0.803863
0.806710
0.802576
0.807635
0.803616
0.803780
0.803583
0.805236
0.805534
0.802083
0.806677
0.804887
0.807827
0.805827
0.809714
0.804745
0.802075
0.805442
0.803715
0.803505
0.807299
0.807564
0.807546
0.806761
0.803504
0.803689
0.804280
0.808276
0.806623
0.802251
0.803855
0.806000
0.805549
0.806257
0.801225
0.807721
0.807183
0.804640
0.803702
0.806216
0.802886
0.805387
0.802688
0.801346
0.805776
0.803566
0.807295
0.803807
0.806447
0.805248
0.804664
0.802528
0.807538
0.806508
0.805216
0.805649
0.805003
0.807927
0.806167
0.804314
0.805973
0.807210
0.804727
0.805156
0.806332
0.804265
0.803408
0.804974
0.805623
0.805576
0.806190
0.805570
0.803268
0.806192
0.808474
0.803153
0.805639
0.805748
0.802764
0.806170
0.804151
0.805167
0.804027
0.804567
0.804840
0.803184
0.806530
0.800761
0.806220
0.804741
0.805878
0.804353
0.803718
0.802874
0.802650
0.803590
0.801575
0.805031
0.803029
0.800608
0.806463
0.805382
0.805847
0.805590
0.804321
0.804296
0.804313
0.803056
0.805622
0.804720
0.804295
0.805348
0.806272
0.804713
0.804213
0.802103
0.804842
0.806413
0.803337
0.803988
0.807281
0.804257
0.805085
0.803958
0.806288
0.803126
0.804199
0.803519
0.804504
0.806821
0.805715
0.805215
0.805533
0.804072
0.804722
0.802507
0.804695
0.806725
0.803606
0.807298
0.804058
0.805844
0.805832
0.804562
0.806179
0.804600
0.801198
0.805716
0.805339
0.804148
0.807181
0.806639
0.806937
0.802645
0.806785
0.807134
0.806108
0.808807
0.803515
0.806125
0.806648
0.806602
0.803638
0.806254
0.805963
0.804456
0.806640
0.804673
0.810215
0.804476
0.805324
0.802551
0.807078
0.807498
0.806020
0.806670
0.805713
0.805993
0.809072
0.807272
0.805372
0.805866
0.800979
0.804664
0.808207
0.806557
0.807897
0.805288
0.805406
0.804877
0.803952
0.806655
0.805094
0.806057
0.803226
0.806636
0.807049
0.806614
0.803210
0.804093
0.805003
0.805939
0.808936
0.805064
0.805080
0.808928
0.802860
0.804309
0.806658
0.805885
0.805158
0.807968
0.804567
0.803140
0.806235
0.805450
0.803976
0.806312
0.805758
0.803027
0.807938
0.805208
0.808442
0.803192
0.807583
0.807156
0.806642
0.804095
0.805700
0.806170
0.803320
0.804278
0.805842
0.803990
0.803917
0.802400
0.802763
0.807519
0.805991
0.806897
0.804291
0.803318
0.806001
0.806414
0.802563
0.807318
0.806904
0.803391
0.803505
0.804451
0.808178
0.804247
0.805222
0.806447
0.804955
0.804948
0.805719
0.807214
0.806067
0.805980
0.806677
0.808683
0.804024
0.807634
0.807835
0.802306
0.808107
0.806871
0.805350
0.804303
0.804594
0.804160
0.807732
0.806609
0.807422
0.805531
0.804123
0.807087
0.805244
0.805345
0.804932
0.807481
0.805718
0.804659
0.806005
0.804008
0.804456
0.803509
0.805100
0.804742
0.802865
0.807273
0.806651
0.801999
0.804893
0.803009
0.806632
0.805600
0.802101
0.803031
0.806572
0.802779
0.806232
0.804677
0.803111
0.805407
0.806190
0.806325
0.805600
0.806874
0.804455
0.807557
0.805722
0.803979
0.803117
0.805115
0.804567
0.807460
0.808979
0.805738
0.804152
0.804425
0.801676
0.803492
0.802455
0.806523
0.804307
0.805139
0.804680
0.805775
0.806882
0.805854
0.806327
0.804805
0.805807
0.802425
0.802273
0.803819
0.804895
0.804356
0.805327
0.806055
0.806153
0.805550
0.805762
0.807456
0.805927
0.804376
0.808557
0.806691
0.808226
0.804476
0.807892
0.806812
0.806477
0.805025
0.806474
0.805180
0.802140
0.801964
0.802614
0.803891
0.806799
0.806024
0.806285
0.805515
0.802960
0.805641
0.805856
0.805874
0.806550
0.805626
0.806174
0.806970
0.804965
0.806493
0.804263
0.803799
0.805417
0.808275
0.804868
0.809182
0.804646
0.804630
0.805109
0.808606
0.805719
0.805075
0.808750
0.809104
0.805694
0.806669
0.807725
0.805031
0.806990
0.804649
0.802890
0.808564
0.803749
0.804801
0.804977
0.804844
0.803279
0.804818
0.803839
0.805828
0.805199
0.806065
0.804082
0.806724
0.804347
0.802969
0.805881
0.806630
0.804177
0.806740
0.805784
0.805426
0.806126
0.805184
0.804450
0.802335
0.807924
0.802260
0.803634
0.804587
0.802981
0.805136
0.804076
0.804599
0.805082
0.804651
0.803543
0.807054
0.805180
0.805695
0.804576
0.805342
0.802106
0.802479
0.802917
0.806160
0.804359
0.801792
0.800786
0.804616
0.806604
0.805762
0.806829
0.806343
0.803311
0.804698
0.805522
0.804810
0.804636
0.806345
0.806866
0.805616
0.803153
0.801823
0.805669
0.803785
0.805474
0.808358
0.807135
0.803855
0.805498
0.805997
0.804127
0.805981
0.805202
0.805128
0.806226
0.804874
0.804587
0.805580
0.805464
0.801439
0.805093
0.805672
0.806538
0.806136
0.806747
0.803036
0.806664
0.808800
0.804739
0.801213
0.805962
0.806636
0.807790
0.803574
0.806439
0.804433
0.804838
0.805803
0.804769
0.804921
0.803123
0.804846
0.806264
0.806018
0.805323
0.804641
0.804030
0.805397
0.805901
0.806308
0.805663
0.807012
0.806177
0.803390
0.804142
0.806128
0.803004
0.806913
0.800769
0.806249
0.805074
0.807238
0.808442
0.805739
0.807351
0.802454
0.801224
0.803672
0.805193
0.801954
0.806297
0.808096
0.804983
0.807365
0.808458
0.807614
0.800967
0.804157
0.805406
0.804875
0.802385
0.806591
0.805705
0.803118
0.804731
0.806254
0.805513
0.806517
0.805071
0.803070
0.804449
0.807952
0.806932
0.806468
0.805812
0.803385
0.803618
0.806225
0.804475
0.809992
0.806933
0.805993
0.806469
0.806438
0.805050
0.805185
0.804138
0.807133
0.805979
0.804650
0.806642
0.805394
0.806658
0.805098
0.804689
0.803656
0.804225
0.806623
0.804644
0.805247
0.808452
0.804772
0.804212
0.805170
0.804151
0.804230
0.805325
0.805017
0.804782
0.805548
0.806522
0.803397
0.806513
0.804767
0.805118
0.805046
0.807193
0.804417
0.808469
0.803101
0.802033
0.805474
0.802072
0.806855
0.805692
0.802140
0.806304
0.805952
0.806520
0.806277
0.806605
0.804206
0.804754
0.806252
0.805105
0.803927
0.806310
0.805251
0.806234
0.804863
0.806361
0.806310
0.802718
0.805973
0.804305
0.808378
0.803047
0.805699
0.807648
0.802811
0.803612
0.803634
0.805888
0.807695
0.805621
0.809015
0.806658
0.804740
0.805393
0.804893
0.805703
0.807364
0.805640
0.804062
0.803818
0.806869
0.802760
0.804027
0.805533
0.804703
0.806393
0.803456
0.806010
0.805953
0.807543
0.803400
0.808118
0.806091
0.802746
0.805420
0.802729
0.803527
0.804742
0.803865
0.803631
0.803544
0.802607
0.806758
0.806474
0.809254
0.803499
0.803797
0.804131
0.805244
0.804440
0.804823
0.808145
0.804913
0.802187
0.805907
0.804927
0.805205
0.806213
0.808140
0.805846
0.806709
0.804173
0.808103
0.800960
0.806275
0.805620
0.804636
0.805166
0.803319
0.802567
0.802090
0.805201
0.806761
0.806226
0.805943
0.804718
0.806791
0.804296
0.805278
0.804267
0.806527
0.803773
0.804852
0.806282
0.805062
0.806376
0.805458
0.805800
0.804153
0.804795
0.804991
0.806265
0.804671
0.800824
0.806534
0.801663
0.805263
0.803418
0.807488
0.803217
0.804701
0.807187
0.805320
0.808578
0.808159
0.805306
0.807540
0.807062
0.803618
0.805626
0.803920
0.805744
0.805253
0.804175
0.805741
0.805652
0.806529
0.802552
0.806636
0.803548
0.805934
0.805775
0.803745
0.805223
0.802611
0.806531
0.806349
0.804771
0.806803
0.806131
0.804579
0.803566
0.805450
0.802438
0.806505
0.802472
0.805615
0.805831
0.806645
0.807927
0.807327
0.808543
0.806776
0.808256
0.804091
0.804299
0.805991
0.805238
0.803248
0.803048
0.800751
0.807022
0.805738
0.807335
0.806644
0.806526
0.803634
0.808630
0.803994
0.802318
0.805196
0.804948
0.805021
0.806393
0.807576
0.804637
0.806745
0.805666
0.807058
0.804456
0.801650
0.806967
0.803103
0.806187
0.805130
0.806359
0.806442
0.804725
0.804686
0.804443
0.804400
0.806681
0.804668
0.806371
0.805952
0.805991
0.809324
0.803694
0.804689
0.806227
0.805136
0.806109
0.804625
0.807318
0.807481
0.806348
0.804614
0.805441
0.806330
0.807147
0.806493
0.807610
0.808370
0.802567
0.805075
0.806499
0.806852
0.804131
0.805348
0.807156
0.807108
0.805926
0.804586
0.805736
0.805047
0.803571
0.802770
0.802546
0.803355
0.804520
0.805838
0.805316
0.810132
0.804928
0.806569
0.805448
0.808183
0.805063
0.802978
0.805722
0.806920
0.802127
0.804285
0.805025
0.805118
0.804896
0.801586
0.805486
0.805085
0.803323
0.803878
0.804695
0.807400
0.807184
0.804148
0.805304
0.803260
0.806142
0.802425
0.804975
0.806421
0.808595
0.805940
0.806006
0.806774
0.805971
0.807131
0.805763
0.806610
0.805134
0.805222
0.806400
0.805842
0.806033
0.804023
0.805219
0.807221
0.806626
0.801711
0.804003
0.802622
0.805866
0.808618
0.807044
0.806998
0.805617
0.806412
0.805312
0.808719
0.807763
0.803426
0.806949
0.806814
0.806329
0.804977
0.807399
0.806073
0.805845
0.805147
0.803232
0.806456
0.806418
0.804859
0.802893
0.805365
0.804839
0.806782
0.804214
0.804812
0.802601
0.806093
0.804490
0.803336
0.805636
0.806282
0.803499
0.806245
0.805076
0.803518
0.804262
0.801318
0.807290
0.807331
0.806175
0.807760
0.803855
0.805151
0.802399
0.802175
0.806630
0.807123
0.804643
0.806734
0.805916
0.803779
0.805692
0.806742
0.804769
0.806393
0.805675
0.804229
0.805849
0.806701
0.805447
0.806519
0.804282
0.805935
0.806818
0.806094
0.801763
0.806894
0.805218
0.809370
0.804974
0.803793
0.802459
0.805071
0.805175
0.804372
0.804524
0.806156
0.804188
0.802503
0.803348
0.803718
0.804422
0.805571
0.803729
0.805302
0.806434
0.804828
0.804592
0.805933
0.803415
0.806580
0.807154
0.806699
0.806404
0.805511
0.809250
0.803930
0.805271
0.808342
0.805057
0.805278
0.803661
0.806420
0.805407
0.807340
0.806549
0.805994
0.805616
0.805498
0.806551
0.802653
0.804690
0.807061
0.804869
0.803805
0.804065
0.803768
0.805053
0.805882
0.803908
0.803665
0.803415
0.806887
0.806877
0.806542
0.808351
0.804204
0.805426
0.809764
0.803148
0.803944
0.804798
0.805308
0.806035
0.805343
0.804603
0.804761
0.806339
0.804766
0.803752
0.803604
0.804601
0.803519
0.801507
0.804855
0.804665
0.807996
0.804907
0.804187
0.803833
0.807130
0.809063
0.806522
0.804057
0.804580
0.807999
0.802578
0.804481
0.802920
0.804414
0.804785
0.806097
0.808651
0.806478
0.803374
0.802651
0.803219
0.803805
0.803946
0.805724
0.804495
0.808625
0.805551
0.805735
0.807948
0.805309
0.805796
0.807697
0.805482
0.804605
0.805797
0.803968
0.803579
0.806609
0.806863
0.802170
0.805336
0.805382
0.803395
0.807608
0.807962
0.805228
0.804153
0.804147
0.805104
0.802715
0.804533
0.805137
0.801184
0.803435
0.803055
0.809012
0.803968
0.807784
0.808316
0.806088
0.802436
0.806339
0.805670
0.804254
0.803816
0.806340
0.804516
0.808448
0.804270
0.804116
0.806160
0.808444
0.805842
0.805658
0.807722
0.808084
0.804213
0.804005
0.805699
0.804637
0.806556
0.803719
0.805958
0.804763
0.804220
0.804986
0.804563
0.805502
0.807919
0.804766
0.805110
0.806679
0.808172
0.803792
0.803836
0.803934
0.803320
0.805530
0.807027
0.805433
0.804475
0.801632
0.804306
0.806805
0.804736
0.805213
0.806730
0.806265
0.805561
0.806257
0.803947
0.807027
0.803880
0.806026
0.806668
0.803147
0.803842
0.803923
0.804645
0.803399
0.806382
0.804091
0.805106
0.804984
0.802534
0.804911
0.805734
0.805821
0.804641
0.804149
0.806422
0.804205
0.803747
0.806878
0.802930
0.805808
0.804819
0.804885
0.803414
0.804064
0.806208
0.805206
0.806664
0.806966
0.804808
0.806524
0.803901
0.802008
0.803858
0.805060
0.803097
0.806036
0.808820
0.805810
0.803949
0.806551
0.806574
0.806903
0.806068
0.803571
0.804285
0.804220
0.803780
0.807771
0.804669
0.804585
0.806398
0.807154
0.805244
0.802229
0.805412
0.805578
0.804304
0.806220
0.802486
0.804279
0.809653
0.804969
0.805296
0.804123
0.804266
0.805167
0.802232
0.804242
0.806249
0.805563
0.806576
0.805901
0.805247
0.805279
0.803338
0.805513
0.806842
0.805667
0.807788
0.803474
0.807408
0.806028
0.802744
0.804291
0.806388
0.805981
0.804034
0.807087
0.805239
0.807058
0.808330
0.804762
0.804556
0.805651
0.807095
0.802886
0.806085
0.806770
0.802548
0.805341
0.804827
0.807788
0.802698
0.803738
0.801274
0.807612
0.803299
0.807853
0.808092
0.806215
0.805702
0.804915
0.803547
0.805010
0.805021
0.807358
0.802563
0.804278
0.804104
0.805635
0.805999
0.804670
0.806923
0.805416
0.807321
0.806094
0.805739
0.806135
0.802098
0.804309
0.804749
0.803684
0.801047
0.807240
0.807406
0.803757
0.806817
0.804164
0.804606
0.804599
0.806995
0.804574
0.804687
0.804217
0.805023
0.804283
0.804419
0.802539
0.807010
0.805163
0.804552
0.804962
0.805969
0.804607
0.804397
0.807157
0.804300
0.804721
0.807080
0.806796
0.803413
0.807218
0.804247
0.806772
0.807698
0.805252
0.803978
0.806051
0.805687
0.805149
0.806272
0.802695
0.807305
0.803888
0.805126
0.803730
0.802631
0.805851
0.804306
0.805665
0.805631
0.804949
0.805343
0.804641
0.803993
0.806256
0.802587
0.808790
0.805493
0.806427
0.805346
0.805986
0.805123
0.808922
0.805535
0.802181
0.800789
0.804716
0.807537
0.805263
0.807341
0.805954
0.804880
0.803414
0.805537
0.808046
0.806312
0.806375
0.807944
0.805225
0.805303
0.805768
0.804773
0.808450
0.806374
0.804955
0.805097
0.806726
0.804469
0.806407
0.803543
0.803472
0.805955
0.805033
0.803981
0.803759
0.808531
0.804933
0.803276
0.805659
0.806524
0.805544
0.804035
0.806943
0.806422
0.810649
0.805991
0.808225
0.804803
0.808983
0.803370
0.806762
0.803763
0.805764
0.805214
0.805125
0.806679
0.805021
0.806358
0.805631
0.806089
0.801633
0.805136
0.805454
0.805365
0.808041
0.806619
0.803892
0.805048
0.804169
0.804925
0.806798
0.805632
0.807470
0.804793
0.804991
0.805468
0.806955
0.804529
0.802280
0.806718
0.804105
0.807172
0.801653
0.807857
0.806078
0.804210
0.802523
0.806885
0.805251
0.803569
0.806420
0.808987
0.804262
0.805836
0.804347
0.805493
0.804256
0.809288
0.808029
0.805425
0.806675
0.804426
0.804979
0.803993
0.805357
0.804748
0.806515
0.803049
0.804695
0.804482
0.803021
0.801378
0.801625
0.804768
0.804716
0.804585
0.804061
0.803655
0.803286
0.807154
0.806492
0.805359
0.807128
0.807575
0.804857
0.808089
0.803853
0.806533
0.803617
0.805200
0.803917
0.803682
0.805234
0.805351
0.808372
0.803061
0.805553
0.805193
0.807427
0.801332
0.807628
0.804153
0.806425
0.806578
0.806206
0.806465
0.804111
0.805911
0.808438
0.804227
0.806260
0.805352
0.805428
0.803554
0.802360
0.806505
0.805291
0.806007
0.806349
0.806171
0.803516
0.805433
0.801536
0.808090
0.804855
0.807134
0.803929
0.805891
0.803787
0.807431
0.805753
0.806866
0.806376
0.804371
0.804210
0.805406
0.806513
0.805423
0.804392
0.802749
0.804668
0.805444
0.804531
0.803621
0.803837
0.808572
0.804516
0.805028
0.806305
0.803139
0.805091
0.806827
0.804732
0.808043
0.806456
0.806429
0.803767
0.807117
0.805831
0.805705
0.801701
0.805469
0.805108
0.805362
0.803874
0.806298
0.805251
0.802799
0.804880
0.802627
0.802755
0.805761
0.805627
0.806595
0.805714
0.807829
0.806935
0.803477
0.805438
0.806775
0.804220
0.804277
0.805753
0.805859
0.808644
0.805700
0.804708
0.806079
0.803828
0.805495
0.805207
0.803209
0.804850
0.806010
0.804985
0.805015
0.803541
0.804494
0.805122
0.804216
0.806663
0.804918
0.804320
0.805136
0.802284
0.806557
0.804434
0.807686
0.804028
0.805980
0.808150
0.804921
0.804319
0.803506
0.805036
0.804245
0.803369
0.804179
0.803585
0.807904
0.807989
0.804360
0.803883
0.806834
0.806145
0.805720
0.805846
0.806319
0.805618
0.808083
0.803624
0.805191
0.805875
0.805409
0.805375
0.804014
0.806994
0.806185
0.804108
0.805715
0.806766
0.805610
0.806589
0.806273
0.802776
0.806501
0.806372
0.802944
0.806382
0.807726
0.804111
0.804140
0.805661
0.807335
0.806193
0.805628
0.805306
0.807942
0.804536
0.803669
0.802478
0.804630
0.805356
0.806064
0.806543
0.805071
0.803941
0.805939
0.803762
0.805369
0.803517
0.806594
0.804036
0.806099
0.804935
0.807558
0.804704
0.801769
0.805545
0.804033
0.804297
0.806663
0.804077
0.803541
0.804640
0.804256
0.806748
0.806207
0.805512
0.807076
0.806177
0.805894
0.805308
0.805012
0.805906
0.804400
0.806952
0.805721
0.803313
0.807666
0.802846
0.808211
0.804095
0.805755
0.803915
0.808833
0.805719
0.805830
0.802335
0.803844
0.805324
0.806538
0.805935
0.806780
0.806215
0.804839
0.807488
0.805435
0.805306
0.804487
0.805870
0.805182
