1.256281407035175941e-02 0.000000000000000000e+00 0.000000000000000000e+00 0.000000000000000000e+00 0.000000000000000000e+00
3.768844221105527997e-02 0.000000000000000000e+00 0.000000000000000000e+00 0.000000000000000000e+00 0.000000000000000000e+00
6.281407035175880227e-02 0.000000000000000000e+00 0.000000000000000000e+00 0.000000000000000000e+00 0.000000000000000000e+00
8.793969849246231762e-02 0.000000000000000000e+00 0.000000000000000000e+00 0.000000000000000000e+00 0.000000000000000000e+00
1.130653266331658469e-01 0.000000000000000000e+00 0.000000000000000000e+00 0.000000000000000000e+00 0.000000000000000000e+00
1.381909547738693622e-01 0.000000000000000000e+00 0.000000000000000000e+00 0.000000000000000000e+00 0.000000000000000000e+00
1.633165829145728776e-01 0.000000000000000000e+00 0.000000000000000000e+00 0.000000000000000000e+00 0.000000000000000000e+00
1.884422110552763929e-01 0.000000000000000000e+00 0.000000000000000000e+00 0.000000000000000000e+00 0.000000000000000000e+00
2.135678391959799083e-01 0.000000000000000000e+00 0.000000000000000000e+00 0.000000000000000000e+00 0.000000000000000000e+00
2.386934673366834514e-01 0.000000000000000000e+00 0.000000000000000000e+00 0.000000000000000000e+00 0.000000000000000000e+00
2.638190954773869668e-01 0.000000000000000000e+00 0.000000000000000000e+00 0.000000000000000000e+00 0.000000000000000000e+00
2.889447236180904821e-01 0.000000000000000000e+00 0.000000000000000000e+00 0.000000000000000000e+00 0.000000000000000000e+00
3.140703517587939975e-01 0.000000000000000000e+00 0.000000000000000000e+00 0.000000000000000000e+00 0.000000000000000000e+00
3.391959798994975128e-01 0.000000000000000000e+00 0.000000000000000000e+00 0.000000000000000000e+00 0.000000000000000000e+00
3.643216080402010282e-01 0.000000000000000000e+00 0.000000000000000000e+00 0.000000000000000000e+00 0.000000000000000000e+00
3.894472361809045435e-01 0.000000000000000000e+00 0.000000000000000000e+00 0.000000000000000000e+00 0.000000000000000000e+00
4.145728643216080589e-01 0.000000000000000000e+00 0.000000000000000000e+00 0.000000000000000000e+00 0.000000000000000000e+00
4.396984924623115742e-01 0.000000000000000000e+00 0.000000000000000000e+00 0.000000000000000000e+00 0.000000000000000000e+00
4.648241206030150896e-01 0.000000000000000000e+00 0.000000000000000000e+00 0.000000000000000000e+00 0.000000000000000000e+00
4.899497487437186605e-01 0.000000000000000000e+00 0.000000000000000000e+00 0.000000000000000000e+00 0.000000000000000000e+00
5.150753768844221758e-01 0.000000000000000000e+00 0.000000000000000000e+00 0.000000000000000000e+00 0.000000000000000000e+00
5.402010050251256912e-01 0.000000000000000000e+00 0.000000000000000000e+00 0.000000000000000000e+00 0.000000000000000000e+00
5.653266331658292065e-01 0.000000000000000000e+00 0.000000000000000000e+00 0.000000000000000000e+00 0.000000000000000000e+00
5.904522613065327219e-01 0.000000000000000000e+00 0.000000000000000000e+00 0.000000000000000000e+00 0.000000000000000000e+00
6.155778894472362373e-01 0.000000000000000000e+00 0.000000000000000000e+00 0.000000000000000000e+00 0.000000000000000000e+00
6.407035175879397526e-01 0.000000000000000000e+00 0.000000000000000000e+00 0.000000000000000000e+00 0.000000000000000000e+00
6.658291457286432680e-01 0.000000000000000000e+00 0.000000000000000000e+00 0.000000000000000000e+00 0.000000000000000000e+00
6.909547738693467833e-01 0.000000000000000000e+00 0.000000000000000000e+00 0.000000000000000000e+00 0.000000000000000000e+00
7.160804020100502987e-01 0.000000000000000000e+00 0.000000000000000000e+00 0.000000000000000000e+00 0.000000000000000000e+00
7.412060301507538140e-01 0.000000000000000000e+00 0.000000000000000000e+00 0.000000000000000000e+00 0.000000000000000000e+00
7.663316582914573294e-01 0.000000000000000000e+00 0.000000000000000000e+00 0.000000000000000000e+00 0.000000000000000000e+00
7.914572864321608447e-01 0.000000000000000000e+00 0.000000000000000000e+00 0.000000000000000000e+00 0.000000000000000000e+00
8.165829145728643601e-01 0.000000000000000000e+00 0.000000000000000000e+00 0.000000000000000000e+00 0.000000000000000000e+00
8.417085427135678755e-01 0.000000000000000000e+00 0.000000000000000000e+00 0.000000000000000000e+00 0.000000000000000000e+00
8.668341708542713908e-01 0.000000000000000000e+00 0.000000000000000000e+00 0.000000000000000000e+00 0.000000000000000000e+00
8.919597989949749062e-01 0.000000000000000000e+00 0.000000000000000000e+00 0.000000000000000000e+00 0.000000000000000000e+00
9.170854271356784215e-01 0.000000000000000000e+00 0.000000000000000000e+00 0.000000000000000000e+00 0.000000000000000000e+00
9.422110552763819369e-01 1.585420021615198383e-04 0.000000000000000000e+00 0.000000000000000000e+00 1.056882170170971318e-04
9.673366834170854522e-01 9.265441684764142002e-04 0.000000000000000000e+00 0.000000000000000000e+00 6.176584111388791140e-04
9.924623115577890786e-01 1.836277619972028624e-02 0.000000000000000000e+00 0.000000000000000000e+00 1.224110361653716651e-02
1.017587939698492594e+00 4.761544798250975319e+00 0.000000000000000000e+00 0.000000000000000000e+00 3.174169451080148363e+00
1.042713567839196109e+00 1.041090889073473136e+01 0.000000000000000000e+00 0.000000000000000000e+00 6.940182306189254469e+00
1.067839195979899625e+00 4.510333441492689666e+00 0.000000000000000000e+00 0.000000000000000000e+00 3.006705435057565712e+00
1.092964824120603140e+00 2.011569989494181421e+00 0.000000000000000000e+00 0.000000000000000000e+00 1.340964808670376485e+00
1.118090452261306655e+00 1.071628145509174290e+00 0.000000000000000000e+00 0.000000000000000000e+00 7.143751590119142847e-01
1.143216080402010171e+00 6.426177746953445347e-01 0.000000000000000000e+00 0.000000000000000000e+00 4.283857016127046724e-01
1.168341708542713686e+00 4.219262960750130853e-01 1.278564533560645798e-04 0.000000000000000000e+00 2.814374940245607526e-01
1.193467336683417201e+00 3.144138232340034089e-01 3.066536094439921943e-03 0.000000000000000000e+00 2.136848871953571094e-01
1.218592964824120717e+00 2.646589041237529805e-01 3.241244133365517310e+00 0.000000000000000000e+00 4.497823571781981222e+00
1.243718592964824232e+00 2.206376196747815432e-01 5.259150491398835392e+00 0.000000000000000000e+00 7.158855433117928158e+00
1.268844221105527748e+00 1.775356479650287700e-01 1.978439366082432871e+00 0.000000000000000000e+00 2.756108023668133455e+00
1.293969849246231263e+00 1.512305991492165491e-01 8.980904168559773471e-01 0.000000000000000000e+00 1.298195048200055712e+00
1.319095477386934778e+00 1.380447861677805144e-01 4.815713315656166560e-01 0.000000000000000000e+00 7.340801587673235762e-01
1.344221105527638294e+00 1.379093163662003518e-01 3.036560894203403360e-01 0.000000000000000000e+00 4.967840069976534600e-01
1.369346733668341809e+00 1.278517613761246952e-01 2.217769888034654413e-01 0.000000000000000000e+00 3.809139087629964116e-01
1.394472361809045324e+00 1.286546922945848437e-01 1.646480117042272151e-01 1.927860516451885805e-03 3.059245416900301939e-01
1.419597989949748840e+00 1.303762438129134615e-01 1.343748695311464958e-01 3.437136450858216286e+00 1.411919755831944956e+00
1.444723618090452355e+00 1.360703966377562468e-01 1.138400506824997355e-01 5.086198962534782986e+00 1.938092143100041742e+00
1.469849246231155870e+00 1.274433786606062324e-01 1.015786738207941908e-01 2.062294459473751118e+00 9.079024334911011129e-01
1.494974874371859386e+00 1.298978589138503614e-01 9.057877623492718855e-02 9.706588694402251694e-01 5.309500700692952879e-01
1.520100502512562901e+00 1.342365960450225826e-01 8.623178113433918601e-02 5.507998402802798399e-01 3.880766514107135690e-01
1.545226130653266416e+00 1.350507176949040100e-01 7.598415469448430160e-02 3.442824510911366431e-01 3.061091651409816872e-01
1.570351758793969932e+00 1.334606574195671969e-01 7.186708957981682855e-02 2.354868768442529015e-01 2.632904862329920048e-01
1.595477386934673447e+00 1.466201429438621917e-01 6.455593139194952534e-02 1.699958055399408141e-01 2.404823032481546163e-01
1.620603015075376963e+00 1.630586057114702669e-01 6.060544559372057355e-02 1.393439647705222995e-01 2.359550891544496543e-01
1.645728643216080478e+00 1.763628493510488449e-01 5.995247658073482588e-02 1.114430921444115735e-01 2.346520451864320955e-01
1.670854271356783993e+00 1.919490669026978624e-01 5.963205757992522116e-02 9.260494901833814241e-02 2.383348758560373537e-01
1.695979899497487509e+00 2.259223530801655611e-01 5.980556637092879907e-02 8.436412822981900761e-02 2.584664062829228892e-01
1.721105527638191024e+00 2.684509558497706339e-01 5.810795827398040903e-02 7.376060005159579269e-02 2.810187974737450856e-01
1.746231155778894539e+00 3.306285099033841601e-01 6.163462907772011834e-02 7.372563946248937572e-02 3.271582559498655840e-01
1.771356783919598055e+00 4.662652818888538553e-01 6.063388274156013280e-02 5.429912575179147993e-02 4.097667094880972916e-01
1.796482412060301570e+00 6.572286635059357840e-01 5.783179851573612418e-02 5.220951860172014930e-02 5.326353552363383148e-01
1.821608040201005085e+00 8.367737534773178609e-01 5.703411853620880129e-02 3.574740902459973974e-02 6.457732280808456959e-01
1.846733668341708601e+00 9.877328512215871603e-01 5.573236708637076958e-02 2.571792158341583770e-02 7.413273507913498150e-01
1.871859296482412116e+00 1.093939814914488995e+00 5.693945564206943921e-02 2.744721325883625607e-02 8.143135257788802761e-01
1.896984924623115631e+00 1.186072667163977190e+00 5.965011587947899319e-02 2.582396824245034722e-02 8.788045237168311541e-01
1.922110552763819147e+00 1.144766515607443580e+00 7.262622599016674285e-02 2.455397076073573270e-02 8.681458100762231567e-01
1.947236180904522662e+00 1.030574156631221650e+00 9.025387042404585392e-02 2.761193771950439663e-02 8.165437553767695977e-01
1.972361809045226178e+00 9.742759470409840805e-01 1.270481888340524446e-01 2.211104566852034950e-02 8.262361487984696273e-01
1.997487437185929693e+00 1.027681223445090053e+00 1.754057858820010640e-01 2.467418962880223859e-02 9.271648396622449440e-01
2.022613065326633652e+00 1.119198214637728617e+00 2.604864790172409794e-01 2.082328843546463540e-02 1.100322653159203634e+00
2.047738693467336724e+00 1.398282100045409537e+00 3.611693800774636864e-01 2.202649633009553035e-02 1.421004013553653467e+00
2.072864321608040683e+00 1.439777573265905941e+00 4.297929549505912772e-01 2.089489226417033663e-02 1.539781241741811524e+00
2.097989949748743754e+00 1.178669597506792677e+00 5.613882107975297631e-01 2.078703095783042409e-02 1.541133556135382054e+00
2.123115577889447714e+00 8.966535246507714163e-01 7.162533647947939563e-01 2.054103059146559357e-02 1.559526575067370135e+00
2.148241206030150785e+00 6.877802383243821760e-01 7.559254848674914484e-01 3.142450221943592775e-02 1.476807414889339976e+00
2.173366834170854744e+00 5.441518921009043108e-01 7.135421078496322345e-01 4.659181976465505415e-02 1.329609697811766633e+00
2.198492462311557816e+00 4.560573936463380162e-01 6.935986105991981399e-01 6.209179709082842530e-02 1.249461199892840435e+00
2.223618090452261775e+00 3.848674281285376364e-01 6.975848095106886859e-01 1.384973542770058796e-01 1.232790355104515179e+00
2.248743718592964846e+00 3.455595650464643454e-01 7.286842846553616138e-01 3.375263727658420754e-01 1.314401253143080650e+00
2.273869346733668806e+00 3.309673785454697037e-01 6.599967781971141090e-01 4.846030671677086232e-01 1.262127519792566321e+00
2.298994974874371877e+00 3.342377291470717826e-01 5.143193516842237134e-01 5.445310504638309901e-01 1.090061339939450091e+00
2.324120603015075837e+00 3.594190038191446557e-01 3.906882000562715840e-01 7.125372468806199233e-01 9.980252590456444306e-01
2.349246231155778908e+00 4.571859607786065149e-01 2.987287404364247223e-01 1.055086101469081994e+00 1.054791012935871963e+00
2.374371859296482867e+00 6.492043334542546562e-01 2.458344735897373956e-01 1.092104081662777837e+00 1.124614896552959209e+00
2.399497487437185939e+00 8.774179234808091588e-01 2.161794905127791822e-01 9.798342663607899627e-01 1.199782599724193100e+00
2.424623115577889898e+00 1.141317586803947126e+00 1.997382788889822958e-01 8.059522442992133051e-01 1.295816943694210410e+00
2.449748743718592969e+00 1.257238077140845345e+00 1.847319213647390934e-01 6.613649082490485887e-01 1.304883636333006525e+00
2.474874371859296929e+00 1.051568056468783707e+00 1.884698230010203313e-01 5.551977324874980413e-01 1.137368844069400531e+00
2.500000000000000000e+00 7.576554977668582547e-01 1.941044072946087329e-01 4.974041594800651112e-01 9.296845421529036368e-01
2.525125628140703959e+00 5.488037888255317132e-01 2.145641200894904954e-01 4.000678239895371635e-01 7.852871139781579801e-01
2.550251256281407031e+00 4.362052795924268866e-01 2.470677949940723594e-01 3.286606478474006776e-01 7.297563132386171159e-01
2.575376884422110990e+00 3.726703770321085907e-01 3.103169676454133330e-01 2.495999443283976049e-01 7.453725949165530551e-01
2.600502512562814061e+00 3.306404943629374094e-01 3.966709405530340904e-01 2.025060698046259322e-01 8.167861119473480702e-01
2.625628140703518021e+00 3.075638984516181895e-01 5.351645968895943906e-01 1.766775010141015123e-01 9.774390175710385709e-01
2.650753768844221092e+00 3.019436188085629635e-01 6.956875651720249021e-01 1.768058239519451069e-01 1.187752733683493656e+00
2.675879396984925052e+00 3.208242557824844132e-01 5.771989547003649745e-01 1.757038196512127337e-01 1.041996505802367690e+00
2.701005025125628123e+00 3.338783954822410194e-01 4.175553894137683519e-01 1.767235362724551284e-01 8.381935862384974900e-01
2.726130653266332082e+00 3.808295789248499763e-01 2.962525350298131910e-01 1.585494995242974769e-01 7.017064454718118238e-01
2.751256281407035154e+00 4.419629786283450490e-01 2.341752244255592141e-01 1.615529506754559697e-01 6.606961347363305981e-01
2.776381909547739113e+00 5.105447031144767500e-01 1.881251506417713215e-01 1.816085315467851347e-01 6.517041526699040022e-01
2.801507537688442184e+00 6.062631943642901033e-01 1.709747522189178637e-01 2.556821407813312241e-01 7.173410003213163133e-01
2.826633165829146144e+00 6.621770956946139153e-01 1.567980401377429556e-01 4.204820871312524022e-01 7.906535515049031293e-01
2.851758793969849215e+00 7.046912626912751332e-01 1.478212103853994153e-01 7.209547218580286687e-01 9.071959949683424673e-01
2.876884422110553174e+00 7.194102969261501057e-01 1.450763168250929769e-01 6.239112259160031204e-01 8.809966701481904972e-01
2.902010050251256246e+00 7.630605974163546801e-01 1.449012130145061472e-01 4.182066367947019359e-01 8.412850703273292430e-01
2.927135678391960205e+00 7.748315082033301326e-01 1.573852579397398421e-01 2.894052356399545167e-01 8.228372011778490869e-01
2.952261306532663276e+00 7.402562207307576969e-01 1.753997395190138309e-01 2.245150808258856157e-01 8.021735671597692852e-01
2.977386934673367236e+00 7.345110479888112831e-01 2.104193535017127581e-01 1.851993375452829216e-01 8.319268069883755112e-01
3.002512562814070307e+00 7.461756114283943919e-01 2.464200428993757741e-01 1.587782694804980022e-01 8.788925996714702649e-01
3.027638190954774267e+00 7.462986487640492772e-01 2.994618305350653098e-01 1.547968002234868801e-01 9.483653680926267260e-01
3.052763819095477338e+00 7.280209593083654118e-01 3.401557802548798581e-01 1.415853555422742216e-01 9.860319209854410127e-01
3.077889447236181297e+00 6.829115854330851665e-01 3.717162840474735330e-01 1.203404632582481398e-01 9.909564486785716886e-01
3.103015075376884369e+00 6.526859712467231178e-01 3.925118060599023240e-01 1.266820300500332008e-01 1.000647053079986470e+00
3.128140703517588328e+00 6.263841693833307467e-01 3.989814542347890347e-01 1.237547088151282476e-01 9.907633669346742611e-01
3.153266331658291399e+00 6.148555715301866620e-01 4.207679471709003804e-01 1.386830656775102644e-01 1.017101714781763366e+00
3.178391959798995359e+00 6.012533103712432991e-01 4.299668498343874878e-01 1.595780827491519172e-01 1.027264405006893977e+00
3.203517587939698430e+00 6.095473683104062346e-01 4.366433259530787536e-01 2.028966090203576655e-01 1.056136135697906875e+00
3.228643216080402389e+00 6.148437743359274066e-01 4.189719165098194642e-01 2.443381920702066556e-01 1.049921963661191615e+00
3.253768844221105461e+00 6.470074622960315658e-01 3.820387850348702652e-01 3.159855189346368332e-01 1.046007301508785847e+00
3.278894472361809420e+00 6.828695604594845481e-01 3.540088010908282179e-01 3.732342884143330375e-01 1.051628129497413910e+00
3.304020100502512491e+00 7.110880066529611243e-01 3.188773976934978771e-01 4.183115241521494498e-01 1.038627845996060284e+00
3.329145728643216451e+00 7.826291325569558754e-01 2.859813539933355186e-01 4.431484457332937055e-01 1.050740288880172235e+00
3.354271356783919522e+00 8.390701861587632759e-01 2.843958499447939436e-01 4.299441837913844933e-01 1.081849527056191196e+00
3.379396984924623482e+00 8.562152179931119544e-01 2.898180215163571605e-01 4.370892185782125350e-01 1.102889940478410047e+00
3.404522613065326553e+00 8.646828145563866252e-01 3.018513940600123235e-01 4.568507739718377647e-01 1.131166166984005184e+00
3.429648241206030512e+00 8.568672550888933870e-01 3.146448965974770196e-01 4.549844975628213328e-01 1.142390906191669275e+00
3.454773869346733584e+00 8.153094525702619944e-01 3.305384551428388606e-01 4.070613218470948702e-01 1.119901171572351251e+00
3.479899497487437543e+00 7.665820599098601695e-01 3.494863837359237224e-01 3.813753527798328102e-01 1.104117553805326057e+00
3.505025125628140614e+00 6.892315212247537293e-01 3.718065663594329884e-01 3.450639994638043384e-01 1.070206840542206717e+00
3.530150753768844574e+00 5.925013650175089408e-01 3.864249725282024039e-01 3.108772276221067887e-01 1.013817042596388829e+00
3.555276381909547645e+00 5.549110130425451981e-01 4.227903436617407307e-01 2.754933114693675633e-01 1.025446461098842077e+00
3.580402010050251604e+00 4.999914089220095503e-01 4.388692949307926305e-01 2.551224631514184549e-01 1.003481807888639610e+00
3.605527638190954676e+00 4.749631130957337466e-01 4.477637687353578921e-01 2.804354127561179966e-01 1.007094550168498470e+00
3.630653266331658635e+00 4.708121446542190003e-01 4.390900295158458588e-01 3.084421174378176866e-01 1.002099834845146198e+00
3.655778894472361706e+00 4.733377714018193738e-01 4.132511698094180619e-01 3.286284477609079380e-01 9.760633712303270482e-01
3.680904522613065666e+00 4.855281178823577237e-01 3.711262652987429300e-01 3.485391967826495518e-01 9.346643881545217969e-01
3.706030150753768737e+00 5.106127330632534989e-01 3.203018695364023283e-01 3.851059313688838248e-01 8.958151187626264278e-01
3.731155778894472697e+00 5.366406558012677408e-01 2.894192256630382376e-01 4.198992717454951284e-01 8.835908587841030393e-01
3.756281407035175768e+00 5.730179872438139199e-01 2.602421895012504982e-01 4.492968126691929132e-01 8.787409689295280213e-01
3.781407035175879727e+00 6.202889994867542001e-01 2.360945870228369770e-01 4.654278006960958503e-01 8.834358678419956812e-01
3.806532663316582799e+00 6.609317822782967422e-01 2.209384832102369300e-01 4.825229149389633210e-01 8.960215646169793491e-01
3.831658291457286758e+00 6.949597698027709658e-01 2.093924000679166786e-01 4.801384022629585080e-01 9.025167325457591483e-01
3.856783919597989829e+00 7.123932522207196971e-01 2.127341889752788207e-01 4.320124001611675979e-01 9.025498324225456059e-01
3.881909547738693789e+00 7.128617936995570448e-01 2.224398163822018937e-01 3.908960762376466613e-01 9.020951067046757421e-01
3.907035175879396860e+00 6.901929798279111683e-01 2.410437425950069934e-01 3.386876926598351156e-01 8.943822885884884499e-01
3.932160804020100819e+00 6.583545281451600450e-01 2.516980915306265554e-01 3.036308454926008316e-01 8.756758389817523858e-01
3.957286432160803891e+00 6.372256044020537802e-01 2.687664417595297950e-01 2.573948797468095240e-01 8.689332909089033663e-01
3.982412060301507850e+00 6.200767754886633565e-01 2.895767168817663939e-01 2.386695373753374982e-01 8.790042333127795482e-01
4.007537688442210921e+00 6.043357714054907737e-01 3.179351114663007127e-01 2.229368231705096959e-01 9.010748778270242232e-01
4.032663316582914881e+00 6.012372049260870099e-01 3.386983170009041921e-01 2.004374357509836613e-01 9.191911659449674143e-01
4.057788944723618840e+00 6.065704109013874135e-01 3.595725246391516250e-01 1.994171755887695074e-01 9.502368694548607442e-01
4.082914572864321912e+00 5.876176377037426457e-01 3.647502670498388166e-01 2.017748248839513481e-01 9.452916727266295061e-01
4.108040201005024983e+00 5.990778636722501327e-01 3.584103771341750067e-01 2.113748718542771132e-01 9.476790927255429597e-01
4.133165829145728942e+00 6.048329193403640947e-01 3.419375111968440129e-01 2.286633991286642353e-01 9.353166275427294840e-01
4.158291457286432902e+00 6.391493887744053026e-01 3.288968204206422774e-01 2.452401658783127103e-01 9.463326144708197329e-01
4.183417085427135973e+00 6.503792854436893922e-01 3.143166608168482812e-01 2.699718745446192392e-01 9.426246382606150442e-01
4.208542713567839044e+00 6.583515797220437227e-01 3.116237704426182420e-01 3.101649421941264362e-01 9.577482000449848432e-01
4.233668341708543004e+00 6.764968414190449808e-01 3.071810098260160382e-01 3.270212060028935275e-01 9.695404240604315049e-01
4.258793969849246963e+00 7.178585434153890166e-01 3.051933541609156975e-01 3.509729782694411826e-01 1.002448061937354140e+00
4.283919597989950034e+00 7.182510616986192975e-01 2.967780748673146674e-01 3.602800055471774288e-01 9.945927583967668628e-01
4.309045226130653106e+00 7.301829864857174446e-01 2.960875890221959517e-01 3.488209741448679013e-01 9.978061544053419274e-01
4.334170854271357065e+00 7.450440132012345895e-01 2.982140595005635664e-01 3.456272059229373861e-01 1.009483302408769045e+00
4.359296482412061025e+00 7.256380629190727349e-01 3.081631611178324848e-01 3.317809058255622445e-01 1.005195454240678021e+00
4.384422110552764096e+00 7.344605889532868082e-01 3.216948963629880365e-01 2.962239622203632350e-01 1.017264230367952438e+00
4.409547738693467167e+00 7.403369477003807209e-01 3.355128182494998557e-01 2.963650722703153884e-01 1.039651377524786202e+00
4.434673366834171127e+00 7.193674925272245391e-01 3.458899183843324732e-01 2.940123821620077016e-01 1.038723557247228424e+00
4.459798994974875086e+00 6.930741778998863456e-01 3.499870522364157965e-01 2.804340125335265665e-01 1.022131586702450523e+00
4.484924623115578157e+00 6.472577159674034464e-01 3.643301871100418365e-01 2.689392421297969182e-01 1.006880097750285863e+00
4.510050251256281229e+00 6.263292327731890818e-01 3.735783932548280561e-01 2.747926197419471306e-01 1.007210180153671253e+00
4.535175879396985188e+00 5.863309239218689184e-01 3.800067338512781445e-01 2.733360870740458859e-01 9.886312959546149637e-01
4.560301507537689147e+00 5.653136101866611529e-01 3.826954981927662702e-01 2.985546048278567288e-01 9.866126076996613037e-01
4.585427135678392219e+00 5.753771593513953286e-01 3.777317496704467037e-01 3.205653509169068549e-01 9.940411145596510512e-01
4.610552763819095290e+00 5.727275828765271415e-01 3.644630072850627567e-01 3.322941632957468472e-01 9.784943427266666882e-01
4.635678391959799249e+00 5.918256934346597387e-01 3.553983215120801176e-01 3.639354826432305012e-01 9.896885232544285760e-01
4.660804020100503209e+00 6.048526950388499746e-01 3.423770090479288930e-01 3.677415586754989030e-01 9.822808175258090913e-01
4.685929648241206280e+00 6.080808360384098998e-01 3.293518824393620870e-01 3.904391327443369475e-01 9.746337862711490496e-01
4.711055276381909351e+00 6.237676533042746385e-01 3.080312559996123967e-01 3.934292059285325882e-01 9.576620720353068439e-01
4.736180904522613311e+00 6.504847982584712751e-01 2.913209289717983430e-01 3.958830036122388818e-01 9.540113711406885688e-01
4.761306532663317270e+00 6.585663259971752392e-01 2.778145308324990181e-01 3.871438945821458200e-01 9.384779038240929072e-01
4.786432160804020342e+00 6.656579456895865832e-01 2.752482653668389956e-01 3.873582837688790415e-01 9.398553550683906854e-01
4.811557788944723413e+00 6.673976671931098892e-01 2.699457001555608526e-01 3.696911635269105600e-01 9.280556842324954037e-01
4.836683417085427372e+00 6.566418521992485324e-01 2.792140851703733273e-01 3.643122250236763282e-01 9.314494726111540723e-01
4.861809045226131332e+00 6.331540772368947634e-01 2.907217876845489268e-01 3.526606515797099939e-01 9.272502466242082964e-01
4.886934673366834403e+00 6.418505709616272314e-01 2.972356868287866494e-01 3.398453002951902224e-01 9.374599187831567093e-01
4.912060301507537474e+00 6.331847238500488695e-01 3.068608835314786676e-01 3.183435146923598857e-01 9.373477155152297735e-01
4.937185929648241434e+00 6.067257193406538907e-01 3.157981197635303938e-01 2.852023541632840442e-01 9.205766414302392064e-01
4.962311557788945393e+00 5.876088383910406110e-01 3.310567725515097259e-01 2.679270589644774936e-01 9.224173259635071176e-01
4.987437185929648464e+00 5.773704362092565434e-01 3.394526035574834122e-01 2.657388187450832051e-01 9.260563967512702721e-01
