0.000000000000000000e+00 0.000000000000000000e+00 0.000000000000000000e+00 0.000000000000000000e+00
4.100000000000000000e+01 4.680471688118967299e-02 4.845329642557834326e-02 1.033708670579051858e-01
8.200000000000000000e+01 8.366722249567989933e-02 4.700608672899247303e-02 5.217040517589507931e-02
1.230000000000000000e+02 9.057986377919373389e-02 8.120582369272881518e-02 7.494793328672472166e-02
1.640000000000000000e+02 4.575080087351245800e-02 7.116840699175354390e-02 8.314228115462556079e-02
2.050000000000000000e+02 3.392694799345470635e-02 5.832303022539579718e-02 4.823067497393193626e-02
2.460000000000000000e+02 5.205888963617442272e-02 3.786065167101647366e-02 6.137670195301048182e-02
2.870000000000000000e+02 1.055265597903956576e-01 3.400596245658677602e-02 1.581772446369328622e-01
3.280000000000000000e+02 1.473084360081244881e-01 1.363244282844697230e-01 1.844842970522922454e-01
3.690000000000000000e+02 8.706126425734479757e-02 4.547117940132107405e-02 7.866408897416730939e-02
4.100000000000000000e+02 1.545263022791067697e-01 1.295365581294720125e-01 4.367928115471266665e-02
4.510000000000000000e+02 2.046043385905673903e-02 7.145042814395508035e-02 6.728449570675133773e-02
4.920000000000000000e+02 6.624046589874511837e-02 1.355724257644141603e-02 9.103625157679229307e-02
5.330000000000000000e+02 9.515607916799885546e-02 1.090244068602841537e-01 7.329879107638556657e-02
5.740000000000000000e+02 1.039646875100519313e-01 2.575124434709477259e-02 1.238334703211432797e-01
6.150000000000000000e+02 9.623005355207776834e-02 7.240812940543260579e-02 1.366510163442701542e-01
6.560000000000000000e+02 8.748764147382694090e-02 5.757853369354472978e-02 7.003252976610362113e-02
6.970000000000000000e+02 7.441660751020305609e-02 7.527853923028014760e-02 4.065521947058901159e-02
7.380000000000000000e+02 1.149571230137215634e-02 7.752986876432564622e-02 1.498736746485521132e-01
7.790000000000000000e+02 1.308201086360668286e-01 4.321916029718452651e-02 1.462480116758623772e-01
8.200000000000000000e+02 8.392222938673798982e-02 7.596783288486666508e-02 6.344731491393197642e-02
8.610000000000000000e+02 7.414385383510616045e-02 2.257019210544368437e-02 3.480518883082407700e-02
9.020000000000000000e+02 5.618611068738872671e-02 3.549476157295971407e-02 6.209530946198819901e-02
9.430000000000000000e+02 1.185329840638245785e-01 9.111501999998268542e-02 1.483764486474196398e-01
9.840000000000000000e+02 1.257262368895368243e-01 6.825419311246451459e-02 5.302461043373864202e-02
1.025000000000000000e+03 7.753822814325711521e-02 4.776569497047163798e-02 5.983692222052910958e-02
1.066000000000000000e+03 1.086668386040618856e-01 7.544411606124158676e-02 7.122909050788438223e-02
1.107000000000000000e+03 1.170930216272408619e-01 1.100092983001645791e-01 1.415339311823280988e-01
1.148000000000000000e+03 5.689205196400246023e-02 9.430281100844237208e-02 7.219819476679807668e-02
1.189000000000000000e+03 6.179822765819819458e-02 6.009863410859940525e-02 6.513154768897014280e-02
1.230000000000000000e+03 7.188393169909386426e-02 3.102399133557628280e-02 1.007043489624063065e-01
1.271000000000000000e+03 8.819529244303628279e-02 5.295767593195177536e-02 9.482933067335842792e-02
1.312000000000000000e+03 6.717195473215617496e-02 3.993387242224772510e-02 6.195023637374665049e-02
1.353000000000000000e+03 1.356090368314101513e-01 2.448165508208328262e-02 3.908086411677613031e-02
1.394000000000000000e+03 2.407966232230339745e-02 3.170695912720201959e-02 9.538032843107691061e-02
1.435000000000000000e+03 4.203053225888845473e-02 5.212452616610631362e-02 5.633418502110795062e-02
1.476000000000000000e+03 6.812592038258780125e-02 4.636690009315461852e-02 1.177379374392140826e-01
1.517000000000000000e+03 1.472762993295067581e-02 1.674067924630587983e-02 1.105408687666084161e-01
1.558000000000000000e+03 3.805064509440977960e-02 4.660081741427046093e-02 4.633946134617270007e-02
1.599000000000000000e+03 4.674101622759536945e-02 8.524309169774053896e-02 6.309969270672388664e-02
1.640000000000000000e+03 5.335104674009366610e-02 1.199286934104141535e-02 3.811325301336476040e-02
1.681000000000000000e+03 5.600273951966958097e-02 3.189400257651591603e-02 8.959591127604958627e-02
1.722000000000000000e+03 5.289747206623020281e-02 7.719018073922517820e-02 1.274735472486210885e-01
1.763000000000000000e+03 8.128683611827709765e-02 1.240405701703589103e-01 8.800815793238624118e-02
1.804000000000000000e+03 9.451879329562309362e-01 1.054584896052803478e+00 7.666963803051003723e-02
1.845000000000000000e+03 9.864846328598149139e-01 1.123892774847777831e+00 1.523792523907816776e-01
1.886000000000000000e+03 9.394507958326693275e-01 1.087424198603028636e+00 5.497178596996805250e-02
1.927000000000000000e+03 9.803719188570653165e-01 7.896926371839978476e-01 3.281933243562490388e-02
1.968000000000000000e+03 9.714255330533382304e-01 1.084179823029382206e+00 8.458335236129115031e-02
2.009000000000000000e+03 9.823627586196587158e-01 1.099300179282370227e+00 1.037752607801674803e-01
2.050000000000000000e+03 9.566736163925643188e-01 1.108170757514908233e+00 6.126715926703077408e-02
2.091000000000000000e+03 9.140150017343564581e-01 9.877676014393783621e-01 8.300158346148865662e-02
2.132000000000000000e+03 9.697556457248076578e-01 1.119870330034591577e+00 1.066482458219729645e+00
2.173000000000000000e+03 9.668581404523429734e-01 1.015125580563326135e+00 9.582374537864553066e-01
2.214000000000000000e+03 9.338400280548088128e-01 1.051094241115371641e+00 9.771801171499191474e-01
2.255000000000000000e+03 9.648971330743451036e-01 9.990574200101968172e-01 1.008168381032896077e+00
2.296000000000000000e+03 1.014530964109097821e+00 1.117317122749798886e+00 1.071991186422963649e+00
2.337000000000000000e+03 9.918875754058792404e-01 1.114069154128147110e+00 9.683228796634536506e-01
2.378000000000000000e+03 9.752222980469038571e-01 1.078791303629762721e+00 1.011566554864133716e+00
2.419000000000000000e+03 9.563430861504019775e-01 1.093982366438898346e+00 9.931729082100395622e-01
2.460000000000000000e+03 1.003793691054115644e+00 1.137324807364551216e+00 9.828481416114090985e-01
2.501000000000000000e+03 1.005468200620788899e+00 1.130210141800620738e+00 9.527195768878512494e-01
2.542000000000000000e+03 1.033088660587282437e+00 1.176131458007846353e+00 9.962336374796928462e-01
2.583000000000000000e+03 1.036531201505461519e+00 1.115678018046385445e+00 1.023745910437474649e+00
2.624000000000000000e+03 1.037138934280564584e+00 1.193209606632821718e+00 1.023669165854976137e+00
2.665000000000000000e+03 9.869334538667794421e-01 1.103539726011910860e+00 1.076931669850721418e+00
2.706000000000000000e+03 9.638609605746903952e-01 1.049967655345886763e+00 9.836407148417459778e-01
2.747000000000000000e+03 9.379366908323100160e-01 1.064181318316695490e+00 9.944194203626568473e-01
2.788000000000000000e+03 9.711186577356984984e-01 1.056592824300046418e+00 1.073536788427312150e+00
2.829000000000000000e+03 9.592295805306652046e-01 1.073268940075981392e+00 9.869072026746652515e-01
2.870000000000000000e+03 9.445682015895390249e-01 1.059839612870643988e+00 1.075648199580517383e+00
2.911000000000000000e+03 9.591438349485713610e-01 1.010088760393931473e+00 9.919237252995731779e-01
2.952000000000000000e+03 9.334209994380591180e-01 1.050645298106479775e+00 9.826360535060953971e-01
2.993000000000000000e+03 9.688056792695949326e-01 1.156569756980693642e+00 1.016542708971476694e+00
3.034000000000000000e+03 9.665887025390248466e-01 1.109726369988330630e+00 9.736926128196760066e-01
3.075000000000000000e+03 9.544764926662553384e-01 1.054873911616828419e+00 9.785153648812837668e-01
3.116000000000000000e+03 9.494935136081866789e-01 1.123611556439100045e+00 9.695264848008982028e-01
3.157000000000000000e+03 9.564748402051707066e-01 1.042733299808084713e+00 1.016715084097531197e+00
3.198000000000000000e+03 1.041571122418527340e+00 1.143513259957645190e+00 1.043099600904883850e+00
3.239000000000000000e+03 9.787931281904997949e-01 1.071498833725995414e+00 1.001015506698524682e+00
3.280000000000000000e+03 1.002428342013700568e+00 1.106167767640435118e+00 1.015352598194002143e+00
3.321000000000000000e+03 9.483646300800024909e-01 1.106812791818187813e+00 1.026650059429140560e+00
3.362000000000000000e+03 9.547574790382631349e-01 1.130727779461786930e+00 1.008495336313294910e+00
3.403000000000000000e+03 1.017713788284117182e+00 1.090778938933170350e+00 1.071006276750370301e+00
3.444000000000000000e+03 9.914695785433159658e-01 1.135952886030319853e+00 1.048919874082046899e+00
3.485000000000000000e+03 9.114872226961003854e-01 1.087772708418214496e+00 1.029860547036939966e+00
3.526000000000000000e+03 1.002698160647562453e+00 1.081277774232853206e+00 1.007517079216754041e+00
3.567000000000000000e+03 9.838319992533203218e-01 1.071362134543170086e+00 9.578528430166598495e-01
3.608000000000000000e+03 8.915976801648091143e-01 1.053295221978524543e+00 8.830058647676255479e-01
3.649000000000000000e+03 9.875128660326895069e-01 1.076220434816396399e+00 1.000393128810750598e+00
3.690000000000000000e+03 9.374902738325778806e-01 1.116289710375950817e+00 1.047275079540340492e+00
3.731000000000000000e+03 9.622148905860147261e-01 1.059840841689170698e+00 9.759474670270545937e-01
3.772000000000000000e+03 1.001886094154525120e+00 1.157892014406377790e+00 1.041854138673173447e+00
3.813000000000000000e+03 9.906610042624656165e-01 1.135871716836502010e+00 1.033892086709734981e+00
3.854000000000000000e+03 9.583897426649582441e-01 1.067389603118734653e+00 9.441451736156327712e-01
3.895000000000000000e+03 9.495374060832152407e-01 1.062849798571168680e+00 1.028773515625732715e+00
3.936000000000000000e+03 9.743018561240964770e-01 1.095724280199433576e+00 9.970276832403881517e-01
3.977000000000000000e+03 1.018347324203647597e+00 1.095489729181366778e+00 1.051956070598128790e+00
4.018000000000000000e+03 9.742844474454346315e-01 1.107354003253750330e+00 1.030124230024708210e+00
4.059000000000000000e+03 9.462465125601211557e-01 1.097463018519860389e+00 9.477106282771239343e-01
4.100000000000000000e+03 9.222972815907818367e-01 1.056216433951957967e+00 9.910011087832747423e-01
