0.802415
0.803800
0.803113
0.809391
0.808628
0.807018
0.804492
0.811903
0.809952
0.801207
0.798244
0.803538
0.809327
0.800416
0.809544
0.799979
0.802159
0.808440
0.805155
0.797921
0.803762
0.803349
0.810433
0.804914
0.805504
0.806898
0.805448
0.798956
0.801080
0.804455
0.806062
0.809335
0.800864
0.802883
0.807052
0.805128
0.808603
0.802309
0.803570
0.803523
0.809510
0.809916
0.812211
0.811620
0.808371
0.803823
0.803732
0.799883
0.804648
0.805282
0.799198
0.805425
0.801938
0.801117
0.802041
0.800314
0.805107
0.797753
0.812091
0.800438
0.803818
0.801893
0.801135
0.799252
0.802712
0.800847
0.796795
0.810099
0.805160
0.806949
0.805197
0.803547
0.812598
0.807866
0.810058
0.808236
0.802919
0.797525
0.801112
0.803446
0.807616
0.806705
0.801374
0.807387
0.803026
0.800233
0.798861
0.803462
0.803474
0.807737
0.799219
0.794446
0.803537
0.800164
0.804789
0.802781
0.806879
0.806682
0.803182
0.805484
0.802773
0.807770
0.808971
0.801535
0.801539
0.809616
0.801836
0.807282
0.794504
0.806128
0.803805
0.802108
0.808775
0.798690
0.797455
0.806281
0.806843
0.801846
0.798879
0.801960
0.808234
0.810796
0.796350
0.801740
0.804018
0.800061
0.795976
0.801902
0.806607
0.806294
0.805534
0.795054
0.801344
0.805198
0.801016
0.803432
0.808408
0.802298
0.803774
0.806122
0.801866
0.799379
0.804235
0.796430
0.809490
0.808747
0.807435
0.803339
0.801544
0.807085
0.804721
0.804764
0.802860
0.805400
0.799997
0.805588
0.806099
0.798072
0.802262
0.804022
0.803423
0.803086
0.807197
0.802506
0.803068
0.800087
0.807932
0.804264
0.796600
0.793339
0.799130
0.811044
0.796979
0.797502
0.800603
0.797809
0.808778
0.804318
0.802086
0.801595
0.803342
0.804227
0.799915
0.798984
0.800688
0.803765
0.800367
0.808543
0.809968
0.801598
0.801780
0.809022
0.808398
0.809390
0.803007
0.808605
0.800695
0.805133
0.807122
0.803994
0.800379
0.803560
0.799835
0.805354
0.808049
0.809187
0.810530
0.802794
0.802001
0.796615
0.802090
0.802404
0.808457
0.807982
0.805315
0.800284
0.803446
0.812792
0.800238
0.807424
0.805021
0.805302
0.803620
0.809378
0.802092
0.806458
0.802557
0.805964
0.807859
0.795917
0.797698
0.804609
0.800045
0.808461
0.800661
0.800332
0.798396
0.799727
0.804197
0.803855
0.809027
0.798474
0.808571
0.801305
0.808599
0.797779
0.807007
0.805227
0.806518
0.805951
0.809697
0.801601
0.802710
0.800792
0.808574
0.803988
0.808031
0.808891
0.794446
0.800398
0.801487
0.800406
0.803192
0.807050
0.801846
0.802891
0.808697
0.809722
0.804703
0.802036
0.804961
0.801133
0.798392
0.806897
0.797527
0.802671
0.806842
0.801764
0.804976
0.811342
0.803912
0.805035
0.806030
0.805220
0.798908
0.799762
0.805679
0.795312
0.808598
0.809307
0.809699
0.805734
0.805965
0.802931
0.803562
0.799818
0.801320
0.806281
0.802651
0.802835
0.798021
0.808603
0.801373
0.800718
0.802957
0.797781
0.802271
0.809148
0.801893
0.800158
0.802624
0.808417
0.801169
0.793518
0.799572
0.806956
0.805797
0.802921
0.802166
0.808474
0.800083
0.807847
0.805413
0.804626
0.805706
0.798090
0.797762
0.806318
0.807216
0.807058
0.803672
0.802511
0.804377
0.808124
0.807901
0.805539
0.814467
0.808273
0.795881
0.800707
0.810681
0.802055
0.804743
0.802710
0.799101
0.803623
0.800609
0.799507
0.805759
0.802929
0.805135
0.806633
0.803739
0.805250
0.810473
0.806741
0.803810
0.805075
0.800469
0.805675
0.806097
0.809476
0.804876
0.800034
0.805345
0.800062
0.803471
0.799166
0.803848
0.804067
0.801707
0.808394
0.795432
0.795962
0.803015
0.811556
0.801533
0.801385
0.805433
0.807402
0.804013
0.806664
0.804349
0.807137
0.807060
0.802300
0.804336
0.807633
0.805900
0.805611
0.809277
0.807965
0.804599
0.813370
0.801245
0.804704
0.804990
0.802171
0.803665
0.800321
0.803085
0.804944
0.806894
0.808283
0.811135
0.805420
0.801764
0.806099
0.797680
0.806152
0.802051
0.804137
0.799131
0.806298
0.799612
0.801567
0.799375
0.800618
0.798076
0.803380
0.808043
0.803255
0.802304
0.805725
0.801160
0.809378
0.808563
0.805830
0.799190
0.806813
0.808976
0.803257
0.804014
0.804703
0.802825
0.802798
0.800738
0.811278
0.802468
0.801342
0.801104
0.803982
0.803468
0.802788
0.804256
0.800884
0.807152
0.810382
0.800248
0.797196
0.806395
0.802030
0.807516
0.799544
0.797182
0.804203
0.797837
0.805537
0.805890
0.799254
0.804705
0.800903
0.809462
0.799438
0.808773
0.806299
0.802667
0.800229
0.804538
0.796720
0.802916
0.802745
0.809419
0.803255
0.803684
0.796438
0.803820
0.799317
0.796337
0.803620
0.802137
0.806919
0.807140
0.807428
0.804837
0.802161
0.805962
0.801647
0.810061
0.805383
0.810087
0.811545
0.796713
0.800838
0.799741
0.803488
0.803034
0.806082
0.803203
0.800562
0.799925
0.806955
0.803088
0.806731
0.810130
0.805244
0.801085
0.803790
0.800572
0.808733
0.807014
0.795397
0.804181
0.806685
0.799990
0.807958
0.800957
0.808422
0.802382
0.804216
0.806010
0.802767
0.798125
0.806914
0.803036
0.799585
0.806415
0.807313
0.798343
0.811120
0.806064
0.810919
0.807145
0.807152
0.804178
0.809332
0.802364
0.810780
0.805441
0.800531
0.805779
0.801036
0.809727
0.800776
0.803146
0.804903
0.805082
0.803096
0.804458
0.809330
0.799274
0.805864
0.800058
0.798530
0.808502
0.800261
0.800415
0.802536
0.804878
0.802829
0.805450
0.801257
0.802470
0.809274
0.800419
0.805453
0.809916
0.803124
0.809865
0.808902
0.809893
0.799316
0.797482
0.805728
0.808506
0.804830
0.806879
0.798665
0.803539
0.807186
0.807972
0.805776
0.797733
0.809303
0.805543
0.808900
0.799362
0.799003
0.808012
0.798282
0.804347
0.808048
0.805750
0.803716
0.797743
0.805500
0.801000
0.807666
0.802694
0.804383
0.807880
0.809671
0.802320
0.807588
0.804873
0.805691
0.801927
0.806260
0.808582
0.805516
0.809067
0.801915
0.806914
0.804172
0.804516
0.801560
0.797414
0.805797
0.805848
0.802471
0.802178
0.808226
0.804359
0.805321
0.805595
0.805455
0.807099
0.811220
0.814160
0.792615
0.798849
0.808113
0.804718
0.805166
0.809212
0.805510
0.804373
0.797236
0.806785
0.805976
0.806845
0.801582
0.801855
0.806928
0.799545
0.803839
0.805468
0.806360
0.809692
0.807166
0.799925
0.804824
0.808294
0.807985
0.801445
0.806206
0.801797
0.807775
0.799915
0.805193
0.809087
0.804969
0.798535
0.808507
0.804698
0.808220
0.802798
0.802581
0.799680
0.809532
0.798194
0.801408
0.804556
0.801853
0.808020
0.808210
0.802920
0.809729
0.799804
0.795778
0.799688
0.800907
0.799172
0.802252
0.802329
0.803398
0.804857
0.803572
0.809547
0.804279
0.805176
0.802633
0.800231
0.799186
0.795916
0.805692
0.800165
0.799967
0.803323
0.794268
0.806906
0.810541
0.807854
0.805023
0.799982
0.807119
0.812435
0.806003
0.799011
0.804337
0.798372
0.806350
0.802975
0.807837
0.805437
0.799078
0.805012
0.805385
0.799320
0.801550
0.810638
0.797266
0.806158
0.803797
0.807825
0.806246
0.799012
0.800649
0.805843
0.800332
0.800528
0.809496
0.804955
0.802004
0.803943
0.808827
0.804708
0.806357
0.804376
0.805021
0.801983
0.801294
0.804399
0.798571
0.800283
0.809184
0.806840
0.801077
0.809963
0.805851
0.800788
0.808394
0.803291
0.799394
0.805749
0.802514
0.803358
0.800705
0.792952
0.801948
0.804152
0.804911
0.800374
0.798017
0.807053
0.807248
0.802088
0.802780
0.804590
0.802110
0.798141
0.801300
0.802977
0.798111
0.810030
0.800888
0.801548
0.803590
0.802119
0.802297
0.805035
0.803327
0.808535
0.802916
0.803379
0.806271
0.807144
0.805442
0.807245
0.806538
0.801501
0.799464
0.804960
0.806815
0.805029
0.801388
0.806735
0.812644
0.804299
0.803130
0.803932
0.803217
0.803237
0.804276
0.803514
0.802233
0.798196
0.805438
0.805149
0.801290
0.806352
0.803928
0.804808
0.803461
0.798225
0.802549
0.801597
0.807688
0.802045
0.801732
0.810670
0.809442
0.803407
0.800928
0.808009
0.803994
0.809186
0.807870
0.801837
0.805116
0.805640
0.804551
0.809909
0.803499
0.806920
0.808148
0.802214
0.803612
0.795365
0.794629
0.793816
0.800749
0.801350
0.800399
0.802376
0.805409
0.805058
0.805138
0.800058
0.804600
0.805011
0.804294
0.805323
0.804288
0.799431
0.801418
0.807448
0.798588
0.803051
0.798504
0.797594
0.802706
0.812409
0.801885
0.800632
0.804502
0.803414
0.801150
0.805835
0.801322
0.800227
0.807871
0.800787
0.809684
0.803313
0.806348
0.805183
0.801682
0.800637
0.806516
0.798357
0.809684
0.803068
0.795364
0.805975
0.806281
0.806232
0.809994
0.798897
0.802255
0.800177
0.812001
0.806804
0.809810
0.803813
0.793865
0.802117
0.800881
0.805407
0.809554
0.803040
0.810370
0.806513
0.804408
0.802744
0.807659
0.806740
0.807639
0.804236
0.803459
0.808224
0.804103
0.812182
0.799437
0.797020
0.800153
0.801689
0.802952
0.806991
0.802687
0.805418
0.803069
0.806402
0.804851
0.799910
0.800846
0.804709
0.813519
0.797942
0.795328
0.810734
0.799594
0.806740
0.801809
0.800038
0.798567
0.803867
0.801633
0.810857
0.804499
0.802218
0.804722
0.803105
0.795781
0.807127
0.801696
0.811495
0.803556
0.802440
0.803555
0.805595
0.809999
0.801851
0.804643
0.799554
0.800449
0.804393
0.805985
0.807118
0.806628
0.805288
0.800759
0.803327
0.813037
0.806413
0.805206
0.801594
0.803604
0.808272
0.803346
0.806680
0.802256
0.804099
0.803612
0.812227
0.800216
0.802170
0.804266
0.804262
0.807486
0.802645
0.814240
0.802229
0.804598
0.799464
0.801614
0.806445
0.804290
0.806286
0.804675
0.804725
0.806783
0.805539
0.803444
0.792210
0.808693
0.803366
0.813693
0.807279
0.803862
0.808509
0.805306
0.803289
0.809588
0.804821
0.802877
0.806589
0.806406
0.803042
0.798575
0.800777
0.807205
0.801321
0.803950
0.805831
0.806090
0.803630
0.808753
0.800268
0.804347
0.801287
0.808773
0.808723
0.796557
0.804618
0.807975
0.806657
0.806070
0.800991
0.805895
0.802819
0.803147
0.808255
0.808864
0.806826
0.804989
0.800072
0.802682
0.801049
0.808499
0.798070
0.796772
0.806523
0.809150
0.804889
0.805447
0.804807
0.800145
0.801658
0.808032
0.800407
0.805210
0.795427
0.808217
0.801881
0.806831
0.808114
0.797882
0.804476
0.803863
0.806646
0.814679
0.805747
0.801843
0.802472
0.803430
0.800730
0.798090
0.797846
0.797485
0.812315
0.798238
0.803439
0.809362
0.805607
0.800258
0.797510
0.802145
0.808153
0.803140
0.802856
0.805076
0.804680
0.802948
0.805700
0.806573
0.799639
0.800731
0.809791
0.805152
0.805199
0.801109
0.801332
0.811003
0.796163
0.804010
0.799832
0.812285
0.799534
0.809180
0.803335
0.804315
0.800816
0.806348
0.801916
0.805968
0.816310
0.801156
0.801929
0.801525
0.805557
0.805498
0.800003
0.809248
0.801040
0.797571
0.799663
0.801497
0.805982
0.810873
0.804944
0.807184
0.805304
0.811270
0.801697
0.804380
0.802806
0.809471
0.805793
0.802034
0.807073
0.804167
0.813238
0.807718
0.804769
0.802362
0.798719
0.803080
0.805003
0.802696
0.803755
0.798254
0.803035
0.808686
0.804721
0.808824
0.798593
0.810745
0.807294
0.806356
0.808106
0.802031
0.796299
0.809956
0.805504
0.802577
0.802304
0.801113
0.806498
0.809071
0.804111
0.803798
0.804888
0.803329
0.799832
0.799793
0.798242
0.806258
0.803974
0.799519
0.805499
0.802233
0.806549
0.796030
0.809789
0.796364
0.812889
0.802815
0.799467
0.809234
0.805767
0.796704
0.805319
0.801100
0.806570
0.804536
0.812033
0.812359
0.799992
0.807448
0.800937
0.801311
0.805581
0.810626
0.805468
0.797355
0.812249
0.798624
0.799279
0.805486
0.805101
0.805276
0.798233
0.800442
0.805987
0.806057
0.801298
0.809306
0.805106
0.808191
0.810352
0.806413
0.805302
0.805905
0.808261
0.809078
0.796613
0.808801
0.804459
0.803771
0.802117
0.805125
0.807041
0.803527
0.802629
0.804377
0.803784
0.804773
0.802556
0.801182
0.799877
0.802957
0.805815
0.807009
0.805582
0.801221
0.804777
0.800758
0.804583
0.800492
0.808617
0.804493
0.812434
0.805503
0.800500
0.799567
0.802636
0.803761
0.800529
0.803551
0.799559
0.804841
0.805786
0.803083
0.798860
0.812009
0.805891
0.798374
0.801711
0.805433
0.800777
0.807481
0.805228
0.808649
0.807941
0.794010
0.806922
0.805733
0.803646
0.807436
0.805261
0.808067
0.800848
0.805801
0.804870
0.801601
0.805894
0.801234
0.801698
0.803374
0.811531
0.804223
0.812903
0.805896
0.806495
0.802476
0.808571
0.809612
0.808210
0.802215
0.806122
0.796789
0.805412
0.798559
0.803671
0.803714
0.800629
0.799647
0.806292
0.802779
0.799309
0.799095
0.809691
0.800520
0.808515
0.806913
0.807874
0.800399
0.803491
0.803816
0.799872
0.807307
0.801662
0.806437
0.803642
0.794140
0.801499
0.801232
0.799512
0.808897
0.807664
0.803658
0.809610
0.809084
0.810816
0.808306
0.808014
0.797473
0.801969
0.807290
0.804464
0.802843
0.803954
0.799864
0.799780
0.810891
0.805071
0.801446
0.804875
0.801243
0.798716
0.805082
0.804744
0.805040
0.804971
0.803283
0.806779
0.807135
0.799413
0.803080
0.801500
0.804375
0.799284
0.808724
0.806475
0.806219
0.804663
0.801074
0.801489
0.806962
0.809777
0.803553
0.806149
0.806237
0.811531
0.806820
0.802183
0.806451
0.807129
0.808463
0.806026
0.802296
0.797869
0.807817
0.805232
0.801736
0.803407
0.796727
0.806138
0.807270
0.802926
0.808271
0.804364
0.805689
0.804005
0.805698
0.804521
0.799044
0.812500
0.803955
0.796250
0.808359
0.797194
0.800846
0.806722
0.807961
0.802693
0.801966
0.810109
0.806914
0.808178
0.803177
0.801289
0.803273
0.803035
0.804845
0.800661
0.812006
0.803910
0.808692
0.801035
0.806021
0.812041
0.800747
0.804038
0.796810
0.808881
0.798601
0.803344
0.807434
0.807292
0.807091
0.806570
0.810676
0.807171
0.806896
0.805612
0.811258
0.800235
0.807155
0.803296
0.801614
0.803822
0.803080
0.803212
0.801030
0.802489
0.798930
0.810608
0.805230
0.796209
0.803094
0.805149
0.795454
0.798744
0.807973
0.811162
0.813434
0.800502
0.790879
0.802764
0.808994
0.810890
0.805622
0.809251
0.808001
0.803269
0.813496
0.797373
0.803634
0.805318
0.808350
0.806193
0.798667
0.808644
0.801982
0.802961
0.797467
0.801242
0.805443
0.802457
0.806392
0.804208
0.807549
0.811773
0.809844
0.798966
0.802632
0.801125
0.796040
0.813554
0.800960
0.804180
0.799898
0.805025
0.804371
0.802811
0.800249
0.806274
0.804237
0.807341
0.806565
0.806123
0.802846
0.808234
0.803210
0.794936
0.804165
0.801146
0.799814
0.806674
0.804642
0.799857
0.801664
0.801247
0.803694
0.804471
0.809610
0.805847
0.799074
0.805303
0.804943
0.805742
0.801081
0.807078
0.799622
0.799838
0.799224
0.797499
0.803781
0.805622
0.802555
0.804708
0.803973
0.804493
0.803766
0.806261
0.802739
0.801781
0.810819
0.804980
0.806067
0.805857
0.801891
0.808720
0.807847
0.803811
0.809061
0.800333
0.804529
0.803623
0.807705
0.806306
0.802345
0.809414
0.804826
0.806235
0.805054
0.804535
0.802722
0.805000
0.804659
0.801764
0.801740
0.803820
0.807453
0.797900
0.804582
0.805179
0.799994
0.801765
0.802130
0.803293
0.815856
0.807502
0.803430
0.802625
0.803931
0.803205
0.803943
0.807793
0.805786
0.812889
0.812857
0.801048
0.805085
0.802137
0.811332
0.799858
0.801126
0.805425
0.805674
0.801087
0.808409
0.802606
0.807943
0.803428
0.798466
0.799826
0.803444
0.802385
0.802752
0.808010
0.807530
0.806661
0.799334
0.802229
0.804519
0.812261
0.807461
0.801630
0.804185
0.809042
0.808945
0.803258
0.800924
0.809448
0.803866
0.804763
0.807453
0.809875
0.804263
0.808288
0.803351
0.805663
0.804115
0.794663
0.810970
0.807938
0.806313
0.803269
0.806137
0.804854
0.810187
0.796354
0.795152
0.801979
0.801172
0.805401
0.805425
0.809316
0.795679
0.802073
0.803995
0.804685
0.804757
0.805219
0.797939
0.800803
0.802844
0.807159
0.804484
0.800882
0.804197
0.810988
0.806595
0.808571
0.804188
0.807285
0.805166
0.797752
0.803555
0.809640
0.801883
0.811680
0.805393
0.801900
0.807420
0.802317
0.808241
0.804451
0.804520
0.801076
0.806948
0.808164
0.804052
0.805912
0.804198
0.808169
0.804295
0.802752
0.810769
0.808890
0.806268
0.799891
0.810714
0.809257
0.808181
0.805649
0.803800
0.807334
0.805661
0.801683
0.809075
0.809360
0.808008
0.798780
0.805165
0.800919
0.809424
0.806505
0.802139
0.801990
0.808057
0.801375
0.806527
0.800700
0.802728
0.805956
0.807411
0.805316
0.804631
0.802612
0.802011
0.794824
0.807353
0.805034
0.805436
0.805122
0.801064
0.806880
0.806962
0.802944
0.800381
0.807411
0.794499
0.808632
0.805733
0.802646
0.804558
0.810183
0.807954
0.804781
0.802636
0.803629
0.796683
0.803007
0.806441
0.805528
0.806200
0.805201
0.804263
0.809975
0.804928
0.803882
0.800836
0.809784
0.799404
0.802015
0.807683
0.800052
0.807087
0.809571
0.802079
0.800221
0.805961
0.802911
0.803088
0.798979
0.804630
0.805133
0.803000
0.807406
0.805425
0.795952
0.811152
0.797095
0.811026
0.801834
0.808631
0.809040
0.797831
0.808051
0.804497
0.803163
0.806592
0.804982
0.796626
0.805142
0.795846
0.802601
0.810570
0.806853
0.813376
0.803817
0.801273
0.804692
0.804320
0.804045
0.802252
0.800107
0.805600
0.809340
0.799983
0.801823
0.800218
0.801315
0.803280
0.790985
0.805249
0.808653
0.804012
0.807347
0.809236
0.802207
0.803228
0.809039
0.803655
0.810432
0.807903
0.806091
0.803274
0.804955
0.804282
0.809116
0.806965
0.804178
0.806020
0.811612
0.807114
0.797623
0.810413
0.803976
0.801989
0.814873
0.801517
0.802037
0.808020
0.803353
0.796057
0.805411
0.810573
0.806707
0.807459
0.809566
0.796812
0.796350
0.800983
0.806066
0.807261
0.803239
0.801695
0.809712
0.803390
0.796648
0.809921
0.810882
0.800293
0.803105
0.810784
0.801630
0.807975
0.802471
0.795975
0.802620
0.803691
0.806011
0.803931
0.796384
0.809974
0.808441
0.806251
0.802861
0.808590
0.803579
0.798326
0.801960
0.802064
0.804772
0.799407
0.809506
0.805644
0.802257
0.805759
0.806806
0.810831
0.806858
0.803391
0.795370
0.794208
0.808739
0.804180
0.805649
0.807251
0.811748
0.808407
0.807454
0.798661
0.809845
0.799031
0.805359
0.802743
0.800519
0.806511
0.799568
0.802349
0.803020
0.807483
0.795834
0.805334
0.807568
0.808365
0.808781
0.801660
0.801208
0.802850
0.802088
0.800896
0.803303
0.807346
0.811158
0.813582
0.804061
0.807929
0.805329
0.809159
0.802974
0.801269
0.803830
0.797864
0.804277
0.803646
0.804018
0.803409
0.800350
0.810950
0.801268
0.800380
0.801661
0.801677
0.802421
0.808799
0.804785
0.804356
0.802177
0.805855
0.801597
0.798436
0.808106
0.804838
0.811938
0.805571
0.807707
0.808078
0.802776
0.807996
0.807357
0.804730
0.805066
0.797936
0.796721
0.809209
0.806842
0.802878
0.802732
0.803616
0.805615
0.803665
0.804515
0.805165
0.805394
0.802044
0.800409
0.800572
0.794794
0.797041
0.809559
0.809071
0.804891
0.804021
0.807775
0.808530
0.806193
0.804235
0.799311
0.807022
0.802621
0.799027
0.801898
0.805983
0.800287
0.802235
0.807311
0.804265
0.801069
0.805336
0.805745
0.797715
0.803912
0.809143
0.807199
0.804293
0.801120
0.807844
0.802943
0.804885
0.804793
0.797643
0.804556
0.806525
0.812697
0.806991
0.808984
0.798450
0.809305
0.806929
0.806362
0.808521
0.801066
0.802950
0.807296
0.807323
0.805599
0.801036
0.808804
0.802985
0.805234
0.812104
0.803921
0.802171
0.802318
0.808275
0.801034
0.804660
0.804029
0.804071
0.806121
0.808051
0.801823
0.811669
0.804743
0.799642
0.806827
0.803272
0.800559
0.798804
0.806188
0.807430
0.803264
0.803708
0.799227
0.800471
0.804165
0.801282
0.800434
0.802889
0.812550
0.805814
0.807850
0.805638
0.807910
0.803944
0.801484
0.802872
0.806419
0.808902
0.807254
0.804025
0.804091
0.801165
0.800759
0.806185
0.802417
0.801915
0.804455
0.805274
0.809308
0.809307
0.812006
0.807266
0.805475
0.807461
0.801852
0.808960
0.802124
0.806848
0.800948
0.801463
0.810300
0.801961
0.802968
0.807366
0.797042
0.809242
0.803179
0.807673
0.805822
0.796192
0.805030
0.802772
0.812589
0.805168
0.799698
0.803110
0.807528
0.807062
0.797042
0.801863
0.798801
0.803736
0.799272
0.805780
0.808000
0.802744
0.808716
0.806300
0.805106
0.807764
0.808893
0.795383
0.805349
0.812414
0.805887
0.804242
0.800122
0.808703
0.803598
0.806395
0.812978
0.807717
0.800891
0.794567
0.802167
0.799906
0.806599
0.800287
0.801661
0.807760
0.806549
0.798559
0.800153
0.807911
0.807771
0.799586
0.797687
0.805560
0.807935
0.803001
0.802052
0.808845
0.803207
0.806316
0.799460
0.810400
0.803074
0.799442
0.803631
0.795488
0.800174
0.806829
0.803739
0.804547
0.804484
0.795176
0.804240
0.806121
0.800557
0.800916
0.803619
0.803041
0.802892
0.802480
0.805975
0.804040
0.792348
0.802243
0.811156
0.803063
0.805155
0.806465
0.803837
0.805852
0.802661
0.806221
0.797924
0.805555
0.797355
0.803131
0.805803
0.798913
0.804241
0.803353
0.806771
0.804888
0.804019
0.806916
0.808954
0.800613
0.800073
0.806823
0.806517
0.798046
0.801338
0.805567
0.804362
0.807008
0.797168
0.810224
0.812899
0.801430
0.799229
0.803998
0.801997
0.803893
0.801610
0.798384
0.813119
0.796882
0.804005
0.806160
0.801621
0.804983
0.807091
0.803692
0.804369
0.804255
0.802855
0.806728
0.806468
0.800333
0.803838
0.807108
0.806015
0.803535
0.806803
0.800269
0.798813
0.811797
0.802755
0.805833
0.803312
0.806977
0.807913
0.805378
0.804662
0.806780
0.807664
0.802169
0.805307
0.810119
0.808428
0.804114
0.802338
0.803317
0.799260
0.802190
0.804651
0.802662
0.800468
0.796735
0.803295
0.801122
0.799502
0.801536
0.806108
0.800995
0.804676
0.796721
0.798016
0.798049
0.809829
0.799901
0.806291
0.807950
0.805604
0.806907
0.807988
0.802814
0.807145
0.803863
0.806441
0.801897
0.804390
0.808283
0.801076
0.809790
0.799948
0.806447
0.801322
0.807541
0.809668
0.800895
0.808006
0.799581
0.803193
0.805462
0.803499
0.800075
0.803054
0.804202
0.806606
0.805622
0.802468
0.798880
0.804734
0.796520
0.807530
0.806164
0.800953
0.795440
0.801201
0.809902
0.810966
0.806136
0.804645
0.804095
0.804043
0.805221
0.805711
0.798646
0.802008
0.807446
0.799185
0.805239
0.801416
0.804183
0.808654
0.800953
0.802748
0.806992
0.809502
0.804257
0.798496
0.805960
0.803160
0.800868
0.801915
0.806700
0.798513
0.808548
0.805353
0.805082
0.800690
0.807577
0.800138
0.806715
0.806788
0.800113
0.803685
0.806150
0.807529
0.804030
0.800869
0.808157
0.803827
0.805006
0.803975
0.803987
0.808892
0.807041
0.796625
0.808903
0.805599
0.803422
0.803983
0.803129
0.807342
0.798526
0.797881
0.804913
0.793259
0.807897
0.804116
0.797491
0.805688
0.799370
0.808194
0.801343
0.810205
0.803187
0.802969
0.801818
0.803947
0.801773
0.805386
0.803159
0.803087
0.804344
0.809607
0.805068
0.806582
0.799860
0.801911
0.799736
0.803591
0.801808
0.804822
0.802900
0.804382
0.808177
0.797080
0.802410
0.807695
0.807094
0.808342
0.804881
0.802407
0.805303
0.803129
0.801146
0.805574
0.807514
0.798471
0.798864
0.801496
0.804184
0.801165
0.802767
0.800137
0.803544
0.800640
0.806693
0.798365
0.800295
0.806309
0.806234
0.804369
0.807047
0.800553
0.808852
0.798729
0.804472
0.803417
0.796378
0.801007
0.804939
0.805792
0.801033
0.797158
0.805116
0.806402
0.803109
0.801263
0.809950
0.807278
0.803409
0.795281
0.805410
0.811681
0.809723
0.802881
0.809688
0.803041
0.803564
0.807434
0.800037
0.797742
0.806707
0.803905
0.804389
0.805596
0.812841
0.805634
0.798918
0.810916
0.804206
0.803084
0.803112
0.805929
0.794278
0.808505
0.802937
0.802524
0.798375
0.798758
0.805814
0.799968
0.796291
0.808310
0.798275
0.806629
0.808986
0.810921
0.809470
0.808523
0.802754
0.806109
0.802115
0.798852
0.805568
0.804059
0.808251
0.804893
0.812498
0.802490
0.804418
0.807961
0.801423
0.803984
0.804974
0.802891
0.803699
0.808476
0.801985
0.798695
0.804312
0.806902
0.813609
0.803902
0.803166
0.804929
0.800789
0.800973
0.795518
0.810106
0.806431
0.801173
0.804814
0.802941
0.806941
0.805370
0.804212
0.808821
0.810618
0.805998
0.808959
0.804501
0.806751
0.796703
0.801663
0.804217
0.803702
0.800468
0.806105
0.802155
0.806254
0.805087
0.806141
0.800453
0.807844
0.801366
0.810220
0.808916
0.801908
0.808281
0.803307
0.804733
0.805528
0.807738
0.806433
0.803904
0.802223
0.807091
0.805316
0.809345
0.801208
0.803103
0.801004
0.809212
0.806557
0.802733
0.804404
0.803723
0.802120
0.799425
0.805905
0.798352
0.807376
0.811213
0.809720
0.802457
0.808223
0.798549
0.802811
0.808496
0.802786
0.803302
0.808206
0.807867
0.799529
0.800282
0.808213
0.801931
0.805697
0.807270
0.807210
0.805934
0.801629
0.806733
0.809589
0.805160
0.799494
0.804882
0.806868
0.795146
0.803833
0.803777
0.803623
0.805312
0.800336
0.805162
0.795830
0.802905
0.800472
0.805499
0.796924
0.813191
0.803121
0.802767
0.806334
0.799060
0.800893
0.805837
0.803342
0.802993
0.795203
0.803208
0.803623
0.808248
0.804048
0.801386
0.804696
0.806828
0.807509
0.806243
0.798020
0.808916
0.806997
0.803359
0.800920
0.806786
0.802128
0.809181
0.810767
0.800214
0.801107
0.806692
0.798685
0.813096
0.810761
0.806768
0.799384
0.803637
0.809461
0.797372
0.804008
0.804430
0.805925
0.807911
0.804247
0.802396
0.803068
0.802633
0.803993
0.810586
0.806454
0.801642
0.802349
0.801696
0.799766
0.802857
0.809237
0.804330
0.794411
0.799520
0.809165
0.800919
0.804965
0.806382
0.798542
0.801890
0.806097
0.801403
0.802290
0.804784
0.808431
0.804917
0.805088
0.801335
0.799932
0.804094
0.805918
0.798782
0.799512
0.797901
0.799056
0.805019
0.809647
0.801737
0.804946
0.811056
0.806843
0.808115
0.803658
0.807291
0.808948
0.806456
0.795625
0.802206
0.806071
0.803790
0.805440
0.811143
0.806288
0.800064
0.799504
0.801381
0.799340
0.804414
0.797112
0.796564
0.806561
0.811914
0.806760
0.808336
0.796063
0.803289
0.805210
0.801699
0.808881
0.798958
0.807307
0.801440
0.800730
0.803339
0.809545
0.803602
0.810803
0.809145
0.806799
0.803081
0.803649
0.802077
0.799845
0.807613
0.798716
0.806352
0.810032
0.793738
0.804303
0.797059
0.807679
0.798990
0.806923
0.799654
0.804465
0.803808
0.804576
0.803161
0.795096
0.797398
0.809775
0.802292
0.802206
0.810233
0.806913
0.801456
0.803351
0.810403
0.803899
0.811227
0.803912
0.811939
0.810712
0.803767
0.801542
0.800653
0.811970
0.809877
0.799609
0.807982
0.801996
0.806033
0.803120
0.803300
0.806135
0.797997
0.802999
0.808777
0.802332
0.802383
0.804478
0.798197
0.802818
0.801847
0.810672
0.807589
0.806619
0.804019
0.796905
0.803483
0.800656
0.802240
0.799006
0.808328
0.803711
0.806456
0.807845
0.803155
0.800904
0.804616
0.802588
0.803400
0.806399
0.803185
0.797285
0.793652
0.804923
0.799906
0.806927
0.804830
0.797509
0.799849
0.804990
0.795854
0.806663
0.801543
0.805874
0.800465
0.803651
0.801086
0.813268
0.802353
0.804812
0.804621
0.799472
0.799765
0.804533
0.798777
0.803902
0.804124
0.809082
0.807582
0.805252
0.800238
0.804042
0.803915
0.800103
0.799408
0.804525
0.804554
0.808140
0.803940
0.804014
0.806921
0.800672
0.805153
0.800783
0.799033
0.806687
0.805174
0.805742
0.805945
0.797387
0.809419
0.810207
0.800139
0.806371
0.809364
0.805672
0.810813
0.806311
0.806598
0.805293
0.800998
0.798033
0.805300
0.797440
0.799319
0.803965
0.808438
0.804242
0.801571
0.807345
0.796356
0.809318
0.800961
0.799577
0.803246
0.808263
0.807019
0.805858
0.804218
0.802236
0.807026
0.803592
0.801058
0.802816
0.802238
0.799720
0.807650
0.807294
0.801515
0.799445
0.810316
0.805568
0.803231
0.804741
0.805395
0.805333
0.801674
0.813875
0.800526
0.801770
0.800993
0.811945
0.800917
0.804207
0.806568
0.799874
0.802858
0.804753
0.792841
0.806647
0.804910
0.804544
0.804865
0.805599
0.805699
0.803943
0.805049
0.808359
0.794901
0.804435
0.801420
0.803641
0.799812
0.801391
0.806239
0.810257
0.802912
0.812810
0.802126
0.807173
0.801139
0.808392
0.802898
0.800054
0.805974
0.797327
0.802120
0.805227
0.800136
0.806894
0.802510
0.802641
0.806805
0.801565
0.804159
0.811383
0.802979
0.803172
0.803862
0.805605
0.801641
0.810691
0.811411
0.807686
0.806957
0.805594
0.802664
0.809197
0.803035
0.805006
0.806084
0.803422
0.805762
0.811821
0.801727
0.810123
0.804242
0.809033
0.803952
0.812120
0.801982
0.802338
0.799455
0.804998
0.806707
0.811488
0.810852
0.803025
0.805367
0.804519
0.804698
0.797847
0.815176
0.804683
0.805984
0.803363
0.802540
0.804298
0.808183
0.803114
0.802546
0.804944
0.800142
0.804163
0.803735
0.807996
0.811852
0.805825
0.801276
0.799377
0.802777
0.798818
0.802373
0.799834
0.808689
0.805679
0.802877
0.802572
0.810064
0.805517
0.801623
0.812565
0.804299
0.811166
0.804670
0.806792
0.805101
0.803917
0.801051
0.804179
0.801864
0.806787
0.809659
0.802217
0.806493
0.804270
0.804562
0.810678
0.810258
0.802140
0.808242
0.799824
0.806632
0.805298
0.802052
0.802854
0.803271
0.797764
0.802082
0.806461
0.802243
0.805832
0.799108
0.798856
0.809119
0.801841
0.803072
0.808268
0.799053
0.805636
0.802608
0.805731
0.807129
0.799535
0.806002
0.804677
0.809787
0.804245
0.806734
0.807926
0.798990
0.804857
0.800359
0.807189
0.806478
0.798854
0.807717
0.803863
0.803072
0.804641
0.806591
0.805403
0.801018
0.806013
0.809705
0.803498
0.806350
0.807652
0.810135
0.806354
0.799370
0.811095
0.801992
0.806163
0.804499
0.800158
0.798298
0.805261
0.802251
0.806704
0.803739
0.802656
0.802756
0.799043
0.804141
0.807481
0.799684
0.810636
0.811799
0.808208
0.795833
0.804265
0.805793
0.805225
0.797461
0.806033
0.801509
0.807087
0.805945
0.803001
0.805440
0.801905
0.805936
0.799811
0.802581
0.799664
0.804954
0.811332
0.803050
0.803152
0.808315
0.800701
0.809595
0.795971
0.799077
0.814614
0.804600
0.807058
0.798770
0.800765
0.811732
0.803715
0.803113
0.804832
0.803734
0.795679
0.807645
0.799888
0.801162
0.795193
0.796912
0.800685
0.804079
0.813463
0.797834
0.805208
0.800964
0.804556
0.807304
0.802923
0.796142
0.807166
0.809510
0.802840
0.811437
0.808248
0.807857
0.800032
0.807069
0.806971
0.803506
0.801347
0.807438
0.805104
0.799828
0.805910
0.801860
0.813517
0.808610
0.799766
0.803402
0.809047
0.798936
0.800954
0.804248
0.809125
0.802284
0.807790
0.792483
0.808493
0.806474
0.803458
0.795661
0.809514
0.798652
0.804836
0.803090
0.806261
0.803720
0.795462
0.802998
0.804363
0.807697
0.801272
0.803386
0.807392
0.798608
0.811073
0.802960
0.806273
0.805360
0.807498
0.797319
0.798352
0.803888
0.799234
0.809190
0.803028
0.805692
0.806208
0.807892
0.798251
0.807003
0.807709
0.807555
0.813082
0.805984
0.802276
0.800684
0.803602
0.800537
0.805882
0.805363
0.807556
0.805146
0.804946
0.802101
0.805751
0.807314
0.801587
0.796244
0.803409
0.800563
0.801573
0.808598
0.800369
0.799811
0.799460
0.800386
0.805977
0.811182
0.810556
0.805572
0.810396
0.807432
0.801913
0.806038
0.805130
0.804025
0.799066
0.805252
0.807187
0.800272
0.809592
0.806810
0.805181
0.802132
0.806567
0.794741
0.799089
0.806504
0.803262
0.802810
0.807713
0.798278
0.804310
0.809183
0.798967
0.804776
0.799422
0.804526
0.806461
0.793847
0.797333
0.804824
0.803250
0.812977
0.799253
0.806894
0.803706
0.808669
0.800875
0.808309
0.802895
0.802932
0.805705
0.797996
0.803070
0.808957
0.802579
0.798691
0.797044
0.800793
0.798408
0.792107
0.796161
0.807666
0.803617
0.802985
0.803204
0.803546
0.804447
0.797784
0.809552
0.803507
0.803288
0.802392
0.808708
0.809478
0.808609
0.797927
0.803910
0.807599
0.803887
0.807615
0.805045
0.795013
0.803001
0.807925
0.804234
0.804222
0.805301
0.799405
0.801242
0.801570
0.802611
0.798060
0.806108
0.805238
0.803415
0.803321
0.806167
0.802371
0.803451
0.801378
0.807511
0.808506
0.805392
0.801749
0.800142
0.803558
0.803835
0.804278
0.805513
0.804490
0.799913
0.803032
0.797967
0.802306
0.800110
0.803825
0.799793
0.805133
0.801671
0.806093
0.816366
0.810470
0.806475
0.807637
0.806069
0.803643
0.797328
0.802111
0.798371
0.795724
0.801023
0.810170
0.800858
0.807380
0.806497
0.806717
0.800641
0.803406
0.805418
0.800990
0.801806
0.802095
0.806557
0.802045
0.808113
0.806710
0.808592
0.800215
0.805122
0.805564
0.807827
0.804572
0.801088
0.802318
0.798792
0.798632
0.801816
0.800704
0.807871
0.807601
0.811591
0.799036
0.811156
0.803156
0.801566
0.800947
0.800089
0.797776
0.807041
0.810058
0.803087
0.807146
0.808871
0.797471
0.812489
0.807544
0.801173
0.801408
0.809424
0.804868
0.805075
0.798068
0.804880
0.809160
0.798641
0.809310
0.806536
0.801148
0.804928
0.807648
0.801394
0.804821
0.805991
0.808039
0.806577
0.794787
0.802125
0.808005
0.795647
0.809098
0.807806
0.798279
0.807649
0.809037
0.797967
0.817302
0.798589
0.808377
0.810058
0.796537
0.804746
0.803786
0.807487
0.805435
0.796633
0.796460
0.806723
0.803698
0.803769
0.801943
0.801690
0.802128
0.806510
0.800184
0.805878
0.800888
0.806666
0.805368
0.799748
0.810198
0.806925
0.797045
0.806628
0.811000
0.804577
0.802280
0.803409
0.804239
0.801458
0.804811
0.805871
0.799750
0.805993
0.801387
0.804746
0.805141
0.805005
0.802585
0.805950
0.807709
0.808124
0.805532
0.808709
0.804188
0.799259
0.809878
0.802519
0.795080
0.808618
0.806542
0.800207
0.814390
0.803735
0.804570
0.800768
0.793813
0.803387
0.803327
0.798600
0.801641
0.805724
0.805250
0.802027
0.805387
0.811998
0.806957
0.800697
0.809079
0.797262
0.801057
0.804064
0.799796
0.804691
0.806453
0.799215
0.805432
0.810891
0.802213
0.800768
0.810453
0.801810
0.810465
0.809118
0.805656
0.801848
0.800497
0.807279
0.803664
0.815018
0.805521
0.809021
0.802161
0.802666
0.802928
0.806791
0.806858
0.801739
0.807111
0.802025
0.806429
0.805642
0.804657
0.804229
0.800918
0.805195
0.801815
0.800160
0.798599
0.811313
0.806166
0.802910
0.810137
0.802834
0.803941
0.799513
0.797538
0.803796
0.803419
0.804333
0.805422
0.800591
0.802251
0.809062
0.807293
0.803746
0.801123
0.806171
0.805141
0.799444
0.803737
0.806135
0.804591
0.798113
0.800293
0.803836
0.800447
0.806945
0.802140
0.798897
0.804960
0.803663
0.802469
0.801134
0.809827
0.796835
0.800201
0.800509
0.806828
0.802665
0.803839
0.799528
0.807059
0.803323
0.804208
0.806270
0.798832
0.808130
0.803449
0.809135
0.800701
0.802419
0.808155
0.804571
0.801936
0.796855
0.811734
0.803730
0.797217
0.805243
0.802269
0.804545
0.800370
0.803516
0.803771
0.803285
0.805036
0.810026
0.803256
0.804817
0.805633
0.806780
0.795931
0.809469
0.806551
0.803296
0.798214
0.800433
0.803423
0.803143
0.803963
0.806696
0.806265
0.807347
0.796848
0.802022
0.805750
0.808373
0.810063
0.807169
0.809428
0.814908
0.805047
0.805775
0.800400
0.802629
0.807243
0.811426
0.802849
0.803800
0.792744
0.807495
0.805525
0.803400
0.804779
0.805680
0.803792
0.807899
0.806855
0.798179
0.804373
0.813940
0.800761
0.806676
0.803838
0.808738
0.803861
0.799704
0.804626
0.803569
0.809669
0.811557
0.803976
0.802284
0.794070
0.807246
0.806654
0.808391
0.801348
0.804948
0.807323
0.808703
0.800670
0.806613
0.802420
0.809170
0.805127
0.808324
0.804547
0.803697
0.804978
0.807568
0.805529
0.803880
0.805942
0.806572
0.802218
0.804697
0.794397
0.804184
0.802374
0.796303
0.803066
0.803399
0.801663
0.803635
0.806233
0.806521
0.809017
0.797951
0.799935
0.806616
0.803485
0.803540
0.806989
0.800430
0.811304
0.803523
0.800904
0.805600
0.808931
0.805505
0.804494
0.799065
0.802429
0.799775
0.806632
0.806155
0.797320
0.813433
0.804479
0.803314
0.802186
0.800010
0.800497
0.803263
0.809841
0.799714
0.802479
0.809523
0.795293
0.804563
0.803628
0.808118
0.806644
0.800434
0.807212
0.798633
0.803541
0.802321
0.803975
0.813693
0.807042
0.813284
0.806202
0.802237
0.803581
0.803423
0.805210
0.807438
0.805188
0.811904
0.802716
0.810601
0.797624
0.805939
0.802496
0.799392
0.805825
0.805818
0.805422
0.802923
0.807491
0.800478
0.800318
0.804678
0.797673
0.806212
0.806636
0.797191
0.806766
0.808830
0.802808
0.801859
0.808258
0.801856
0.804393
0.800609
0.812303
0.808378
0.809909
0.804683
0.803819
0.803136
0.802070
0.806254
0.805774
0.808605
0.800518
0.803573
0.799615
0.800668
0.797663
0.802921
0.798707
0.809382
0.800817
0.804145
0.809406
0.808246
0.800545
0.811909
0.804838
0.808529
0.804549
0.801806
0.803113
0.794603
0.804341
0.806808
0.801447
0.806445
0.803690
0.795939
0.805835
0.809923
0.811701
0.812178
0.801908
0.804779
0.801895
0.803313
0.804780
0.812890
0.804699
0.809078
0.804155
0.797522
0.793306
0.808340
0.802047
0.804818
0.795930
0.806914
0.805660
0.804280
0.803844
0.808359
0.805525
0.800311
0.806064
0.802485
0.805899
0.806628
0.805737
0.805161
0.803299
0.801602
0.807181
0.800298
0.805658
0.808972
0.804011
0.801999
0.799612
0.806428
0.809818
0.802586
0.805116
0.807877
0.807686
0.807855
0.808907
0.804545
0.803290
0.802913
0.801546
0.808544
0.804462
0.805977
0.806215
0.802119
0.798400
0.806468
0.802386
0.802224
0.807132
0.808529
0.802454
0.806693
0.803736
0.809089
0.798215
0.815641
0.808029
0.807129
0.806633
0.808744
0.805644
0.798746
0.810529
0.801956
0.802228
0.801781
0.806466
0.803683
0.797800
0.806996
0.805115
0.809596
0.800917
0.804190
0.802328
0.805975
0.806494
0.799853
0.803618
0.804570
0.796166
0.799202
0.801842
0.806254
0.809541
0.808703
0.802974
0.799189
0.805971
0.807271
0.801126
0.801853
0.805815
0.800097
0.804614
0.811812
0.804299
0.811096
0.809302
0.804973
0.807426
0.804859
0.804680
0.808803
0.805006
0.803468
0.803580
0.797708
0.804692
0.803568
0.802725
0.792602
0.808874
0.806351
0.806109
0.801287
0.808306
0.813363
0.803393
0.807127
0.804639
0.812358
0.809087
0.806690
0.809031
0.805826
0.798239
0.809491
0.797824
0.808515
0.803554
0.806647
0.809167
0.809110
0.801008
0.802127
0.807369
0.807033
0.805074
0.795913
0.807528
0.801614
0.800934
0.803985
0.803267
0.808217
0.798827
0.799236
0.805545
0.802580
0.805675
0.801651
0.808963
0.807976
0.804854
0.806310
0.800838
0.805480
0.796917
0.805622
0.803637
0.806374
0.801364
0.803788
0.808578
0.796961
0.802905
0.807208
0.798871
0.798005
0.793577
0.800632
0.805836
0.796942
0.805647
0.798787
0.802789
0.795303
0.804061
0.803543
0.801139
0.804552
0.807264
0.808948
0.804789
0.805696
0.798452
0.795267
0.802031
0.804414
0.808241
0.807796
0.807452
0.804220
0.805050
0.802852
0.806158
0.807450
0.809692
0.797047
0.807302
0.802808
0.806717
0.800106
0.797159
0.808094
0.804403
0.805424
0.805327
0.801904
0.806310
0.805853
0.805791
0.804002
0.809850
0.813692
0.806168
0.803380
0.807378
0.798643
0.803433
0.808476
0.807789
0.800714
0.807480
0.801156
0.805034
0.805232
0.806839
0.802014
0.802033
0.798214
0.805139
0.802603
0.806026
0.789541
0.806162
0.802292
0.810498
0.803837
0.808514
0.801451
0.805643
0.802572
0.805156
0.804441
0.806837
0.807609
0.801123
0.800344
0.811155
0.805823
0.810616
0.803652
0.801635
0.797890
0.803697
0.798798
0.799687
0.805681
0.803285
0.805745
0.804788
0.808975
0.808438
0.802778
0.802208
0.803076
0.807438
0.800081
0.813530
0.803315
0.802682
0.798836
0.809194
0.806918
0.803219
0.801521
0.802138
0.800301
0.810411
0.807810
0.806379
0.802257
0.805809
0.803495
0.801609
0.801196
0.804778
0.811754
0.803804
0.811101
0.812200
0.810129
0.805208
0.796960
0.806939
0.800961
0.807732
0.810653
0.803687
0.803620
0.805007
0.803348
0.806069
0.805123
0.807037
0.804751
0.801092
0.803804
0.803623
0.800145
0.802631
0.809140
0.799334
0.803305
0.804738
0.802704
0.804244
0.809772
0.803448
0.807242
0.808356
0.804166
0.806916
0.809501
0.803646
0.804780
0.803873
0.805543
0.805182
0.809672
0.807185
0.803877
0.810866
0.804256
0.807306
0.805999
0.801372
0.806635
0.803113
0.803127
0.797855
0.801769
0.806780
0.801212
0.803770
0.812954
0.803150
0.802902
0.809327
0.809303
0.799975
0.802590
0.805293
0.796390
0.806017
0.805384
0.811081
0.804834
0.801427
0.805210
0.803598
0.805769
0.796055
0.800972
0.802468
0.805822
0.796792
0.800692
0.797631
0.806480
0.801573
0.801637
0.809299
0.802340
0.801539
0.807727
0.802743
0.808662
0.803448
0.803389
0.806036
0.801614
0.799704
0.806164
0.803330
0.798271
0.800119
0.806746
0.803785
0.803264
0.808615
0.806520
0.804175
0.805618
0.804655
0.807269
0.798903
0.810719
0.807366
0.807134
0.800285
0.807450
0.804168
0.808454
0.801185
0.809071
0.799870
0.799797
0.807637
0.800632
0.801479
0.809285
0.804994
0.803986
0.811671
0.804828
0.810061
0.800651
0.801648
0.805872
0.810518
0.806850
0.806770
0.811769
0.805303
0.804282
0.800517
0.799048
0.804344
0.807174
0.803631
0.798434
0.815008
0.808174
0.805299
0.807981
0.801999
0.805466
0.809327
0.810981
0.806723
0.799353
0.807421
0.806125
0.804687
0.806624
0.808193
0.808914
0.805468
0.800440
0.808543
0.809607
0.800276
0.806498
0.807702
0.806319
0.800903
0.801559
0.799368
0.805039
0.800078
0.807325
0.804087
0.808223
0.811899
0.801285
0.803651
0.803461
0.806612
0.805529
0.804152
0.796447
0.809305
0.805316
0.806231
0.800733
0.807957
0.808877
0.808120
0.804521
0.796594
0.804582
0.804241
0.800279
0.802119
0.798451
0.804573
0.797053
0.806574
0.810054
0.801362
0.796546
0.793853
0.799858
0.802457
0.799109
0.802704
0.801839
0.804995
0.800243
0.812595
0.807633
0.806876
0.805834
0.799318
0.802226
0.802965
0.800099
0.804329
0.802271
0.807270
0.812534
0.801289
0.808209
0.798933
0.812687
0.805143
0.802897
0.797384
0.801531
0.802190
0.809704
0.803509
0.808021
0.804254
0.805796
0.803431
0.808563
0.806090
0.805570
0.805418
0.803665
0.805510
0.805464
0.801646
0.806142
0.802774
0.811539
0.811609
0.805265
0.799770
0.805711
0.797711
0.806983
0.801054
0.803272
0.808130
0.803821
0.793437
0.803126
0.808954
0.803439
0.801424
0.800571
0.801352
0.805737
0.808840
0.803783
0.803821
0.804215
0.807538
0.804801
0.808491
0.794247
0.796658
0.802570
0.809546
0.806996
0.798933
0.802246
0.803630
0.811586
0.809930
0.803358
0.805787
0.804540
0.803906
0.804437
0.805818
0.808356
0.805071
0.801686
0.808866
0.803884
0.808707
0.802201
0.805282
0.805371
0.802147
0.808984
0.797919
0.809766
0.807375
0.794809
0.809593
0.811014
0.805700
0.799396
0.803271
0.797701
0.809680
0.802925
0.804716
0.795884
0.808708
0.800713
0.800254
0.805389
0.802949
0.803392
0.802741
0.802250
0.794555
0.800632
0.807220
0.811272
0.804908
0.799128
0.799009
0.806455
0.800169
0.802532
0.806118
0.802767
0.800257
0.810094
0.805947
0.814584
0.810304
0.811452
0.800994
0.811071
0.804038
0.806866
0.807222
0.797046
0.806323
0.809125
0.801653
0.810967
0.801591
0.808120
0.800443
0.798440
0.805290
0.809791
0.801526
0.809741
0.804863
0.806934
0.809566
0.803860
0.805500
0.802972
0.808341
0.802767
0.803328
0.808078
0.811448
0.801370
0.807228
0.810727
0.801142
0.804232
0.805259
0.802866
0.804198
0.813526
0.801552
0.797757
0.798464
0.802875
0.798103
0.802852
0.794344
0.804943
0.803559
0.801198
0.802831
0.801717
0.798255
0.802527
0.804174
0.810340
0.804368
0.800752
0.805920
0.809535
0.807170
0.799780
0.796996
0.800932
0.807971
0.801187
0.805413
0.803374
0.800279
0.808316
0.804504
0.799503
0.804189
0.812374
0.807285
0.807807
0.802549
0.806453
0.804729
0.800155
0.807621
0.802879
0.802395
0.808545
0.804471
0.803726
0.807458
0.798087
0.796244
0.804871
0.802900
0.806985
0.797780
0.804659
0.801716
0.805614
0.802333
0.804869
0.797346
0.811431
0.800782
0.818452
0.805710
0.804625
0.802805
0.801498
0.799706
0.805184
0.799855
0.799934
0.796402
0.798866
0.793016
0.799276
0.800409
0.802485
0.803571
0.811766
0.803746
0.797371
0.799667
0.810859
0.804357
0.808281
0.799104
0.807461
0.801287
0.805656
0.795649
0.799379
0.797971
0.804175
0.807217
0.804547
0.805908
0.808179
0.800292
0.801914
0.800299
0.802388
0.807434
0.810037
0.806059
0.808015
0.803064
0.800264
0.807628
0.800022
0.813021
0.809707
0.806810
0.810189
0.805033
0.806283
0.803445
0.805430
0.794193
0.804082
0.801648
0.803664
0.805690
0.807546
0.809634
0.804264
0.805435
0.808251
0.804278
0.812104
0.803086
0.804391
0.796540
0.802156
0.803873
0.803271
0.806615
0.803616
0.807392
0.805280
0.801118
0.805669
0.806976
0.804019
0.804711
0.806675
0.796872
0.805319
0.808631
0.808937
0.805474
0.807499
0.802370
0.806477
0.801432
0.807045
0.803398
0.808865
0.808004
0.804866
0.805959
0.798575
0.804723
0.804709
0.799604
0.798655
0.805648
0.803412
0.804232
0.807572
0.802419
0.808223
0.806008
0.807363
0.812273
0.808953
0.808250
0.802617
0.803142
0.804855
0.810916
0.804834
0.806399
0.803378
0.802986
0.806975
0.803307
0.802526
0.811354
0.798492
0.797297
0.799299
0.803930
0.801235
0.805797
0.801934
0.806061
0.805841
0.807847
0.803158
0.802098
0.806959
0.808938
0.801193
0.798127
0.795527
0.804232
0.807221
0.804580
0.806649
0.806985
0.812000
0.804793
0.795061
0.804676
0.803341
0.797714
0.802117
0.806660
0.806441
0.797248
0.803423
0.801121
0.808984
0.801779
0.801301
0.806693
0.799391
0.808749
0.803762
0.806819
0.803155
0.805259
0.808587
0.798591
0.798233
0.808156
0.805402
0.803044
0.807769
0.803705
0.802093
0.803566
0.804559
0.806648
0.803873
0.805443
0.800850
0.807428
0.805582
0.806016
0.803505
0.802719
0.805132
0.801946
0.806066
0.810354
0.803035
0.805242
0.804423
0.808022
0.807624
0.800629
0.809911
0.796859
0.807608
0.800267
0.814259
0.801136
0.807722
0.802162
0.808422
0.801759
0.802567
0.808171
0.814660
0.810861
0.802915
0.799823
0.806634
0.801789
0.807177
0.804494
0.800062
0.806878
0.815765
0.811456
0.806976
0.805280
0.809151
0.801304
0.801788
0.808250
0.798323
0.805042
0.805451
0.805997
0.810354
0.805550
0.805789
0.804247
0.807683
0.802206
0.806205
0.804877
0.799542
0.806584
0.812177
0.799157
0.801430
0.801636
0.813670
0.802238
0.805183
0.796248
0.798347
0.797901
0.804235
0.805130
0.805710
0.802800
0.805053
0.799600
0.804293
0.804793
0.803688
0.807648
0.800143
0.804598
0.801365
0.805266
0.809490
0.799924
0.796576
0.803688
0.805799
0.810984
0.799007
0.805704
0.805674
0.801022
0.807172
0.803350
0.809547
0.800829
0.808510
0.813633
0.805670
0.801918
0.797901
0.802381
0.809163
0.805812
0.811090
0.806056
0.807266
0.800991
0.799655
0.801524
0.795538
0.804410
0.808102
0.802623
0.809671
0.804831
0.798024
0.812447
0.802565
0.803889
0.799855
0.806451
0.802178
0.809627
0.802458
0.805656
0.801540
0.803739
0.808197
0.804688
0.796214
0.799682
0.803068
0.805506
0.802997
0.801845
0.805571
0.803738
0.797349
0.799079
0.811171
0.799893
0.800577
0.808496
0.804306
0.805222
0.801986
0.806631
0.804110
0.804232
0.803386
0.794280
0.806770
0.804469
0.810602
0.807191
0.805237
0.802012
0.805755
0.811034
0.799925
0.798851
0.807101
0.801851
0.806436
0.809231
0.805377
0.801660
0.803249
0.810725
0.811917
0.795740
0.809492
0.812165
0.801613
0.808710
0.805590
0.807781
0.808652
0.803635
0.805767
0.803612
0.803368
0.806124
0.808263
0.807692
0.801824
0.805679
0.808060
0.800322
0.803909
0.805842
0.805695
0.798395
0.800665
0.808584
0.803810
0.807264
0.801673
0.805213
0.801028
0.800064
0.804876
0.803227
0.799661
0.806479
0.804050
0.810974
0.798613
0.800351
0.806712
0.806892
0.805452
0.807743
0.807252
0.796004
0.802400
0.801785
0.803825
0.798785
0.811694
0.799414
0.800390
0.802988
0.794617
0.803360
0.803085
0.803285
0.808864
0.806822
0.810649
0.800787
0.801495
0.805563
0.802935
0.800765
0.802690
0.809539
0.801648
0.805249
0.806985
0.799478
0.806215
0.799307
0.800224
0.805004
0.798777
0.798686
0.803452
0.797843
0.800147
0.799011
0.797037
0.812173
0.801763
0.796591
0.804591
0.806299
0.809844
0.803113
0.813391
0.803697
0.801891
0.802172
0.808871
0.800902
0.804340
0.803655
0.808049
0.804015
0.803145
0.801394
0.804617
0.802252
0.802407
0.802128
0.799943
0.802180
0.801208
0.806730
0.803082
0.807348
0.801982
0.800892
0.796659
0.805173
0.800196
0.801239
0.803090
0.801546
0.799956
0.803978
0.800650
0.797298
0.800514
0.797111
0.806211
0.809143
0.806742
0.801910
0.799872
0.800796
0.803611
0.805292
0.802992
0.804036
0.797541
0.805571
0.809368
0.804738
0.802246
0.804060
0.810029
0.795086
0.809895
0.800968
0.806062
0.798757
0.807635
0.805478
0.800341
0.811928
0.804363
0.802781
0.800917
0.801846
0.799451
0.805339
0.804600
0.802498
0.809417
0.811169
0.801820
0.808000
0.810484
0.811684
0.802554
0.803855
0.806126
0.810867
0.799250
0.803242
0.804482
0.804625
0.812795
0.798745
0.808147
0.798674
0.798089
0.801989
0.812960
0.802810
0.799122
0.801955
0.808408
0.809883
0.803779
0.804288
0.811740
0.799507
0.805172
0.802140
0.801926
0.807063
0.806170
0.803868
0.799614
0.802876
0.801452
0.801364
0.803846
0.798628
0.808180
0.810562
0.804547
0.808458
0.802542
0.803872
0.803274
0.796043
0.800237
0.801911
0.806878
0.806850
0.807163
0.807060
0.804734
0.802025
0.809092
0.803098
0.810383
0.804808
0.801520
0.801639
0.805536
0.805622
0.805587
0.802363
0.804343
0.808421
0.800273
0.803826
0.809737
0.808464
0.807519
0.800928
0.806978
0.806088
0.806845
0.799610
0.804272
0.810861
0.801880
0.803146
0.804832
0.805168
0.804710
0.810101
0.813514
0.799894
0.802491
0.805704
0.808144
0.803984
0.804011
0.801774
0.801479
0.808678
0.800817
0.801861
0.805711
0.805247
0.803550
0.811938
0.804477
0.803589
0.802577
0.809619
0.809967
0.808922
0.803036
0.809797
0.800269
0.805275
0.811059
0.804615
0.799553
0.804275
0.807332
0.802628
0.810583
0.801900
0.805753
0.805219
0.803136
0.800075
0.801888
0.802064
0.794566
0.798609
0.800576
0.805303
0.804233
0.807659
0.805382
0.810698
0.808770
0.794629
0.799700
0.806309
0.804886
0.804162
0.796205
0.806743
0.800304
0.799713
0.803563
0.803269
0.809853
0.805389
0.796191
0.802623
0.813943
0.807519
0.805298
0.804961
0.803799
0.808310
0.799496
0.795229
0.800881
0.804333
0.801326
0.802496
0.805500
0.807341
0.798808
0.805330
0.798818
0.804355
0.803480
0.804025
0.804647
0.806360
0.806879
0.801173
0.799529
0.794768
0.805564
0.804945
0.800912
0.798443
0.805437
0.802194
0.807925
0.802078
0.801196
0.807794
0.809185
0.805904
0.803602
0.809700
0.803995
0.803022
0.797078
0.806452
0.803888
0.803389
0.805700
0.801942
0.805719
0.797149
0.805283
0.804710
0.806216
0.806768
0.801652
0.802763
0.801942
0.800661
0.805786
0.800005
0.802272
0.807098
0.812840
0.807756
0.802705
0.798058
0.802113
0.807432
0.804502
0.802812
0.801552
0.798341
0.802351
0.804806
0.806202
0.804078
0.801822
0.805253
0.807396
0.803725
0.792008
0.804246
0.804170
0.800879
0.801806
0.804403
0.809191
0.805990
0.802759
0.802792
0.796364
0.804972
0.801463
0.799968
0.808619
0.809837
0.808681
0.798207
0.803537
0.805021
0.810144
0.807869
0.807469
0.807827
0.802773
0.802232
0.800080
0.805617
0.802101
0.801885
0.800945
0.811534
0.804221
0.803987
0.800672
0.804486
0.807199
0.807684
0.803922
0.807450
0.802627
0.802785
0.803341
0.808409
0.806697
0.803070
0.805928
0.804151
0.799787
0.806247
0.805675
0.797309
0.803929
0.808833
0.807579
0.805253
0.801333
0.796569
0.797031
0.810007
0.799371
0.800157
0.801449
0.801152
0.803895
0.796588
0.802453
0.803335
0.797597
0.801627
0.802960
0.804727
0.805229
0.801735
0.807029
0.803767
0.802816
0.801492
0.809067
0.797004
0.810889
0.799555
0.805581
0.805318
0.808127
0.804344
0.803361
0.808554
0.810033
0.805176
0.810541
0.802220
0.805009
0.802030
0.801980
0.802009
0.808107
0.798314
0.803946
0.803398
0.801601
0.799953
0.805483
0.811100
0.805594
0.809499
0.810504
0.803024
0.805234
0.792401
0.807212
0.808181
0.805545
0.801370
0.797208
0.805037
0.803579
0.811764
0.801560
0.806661
0.805484
0.801153
0.799974
0.803704
0.801936
0.804021
0.799573
0.811110
0.799828
0.802555
0.799236
0.808060
0.804889
0.801374
0.802231
0.801151
0.802230
0.806654
0.805000
0.805678
0.804141
0.802530
0.798885
0.809410
0.804370
0.797906
0.805249
0.809941
0.798098
0.806843
0.809256
0.801416
0.809558
0.803927
0.804218
0.802734
0.800646
0.804316
0.800045
0.800716
0.803042
0.808580
0.805383
0.808799
0.802140
0.806355
0.805833
0.803255
0.806183
0.799669
0.803908
0.805828
0.794611
0.807954
0.805900
0.807256
0.809431
0.803287
0.796283
0.800551
0.805750
0.801592
0.797721
0.802757
0.804096
0.800561
0.799971
0.811170
0.799507
0.801796
0.805254
0.798282
0.804771
0.803904
0.798707
0.813701
0.808520
0.805043
0.806542
0.799890
0.806639
0.805363
0.802465
0.802578
0.804016
0.802289
0.800083
0.807032
0.800352
0.795527
0.795008
0.806311
0.806222
0.804834
0.804585
0.809762
0.802525
0.804828
0.804402
0.801942
0.800203
0.805270
0.807108
0.806500
0.805323
0.803382
0.800175
0.804925
0.800185
0.802371
0.797529
0.800235
0.806831
0.808748
0.804695
0.799343
0.806886
0.800574
0.804056
0.809228
0.808492
0.806030
0.806665
0.802021
0.802539
0.804386
0.803703
0.797019
0.803643
0.804291
0.806274
0.811021
0.807750
0.801994
0.805047
0.809593
0.804866
0.803427
0.804251
0.804089
0.793167
0.805274
0.807356
0.804822
0.803044
0.806286
0.811072
0.798130
0.805938
0.800612
0.800638
0.805162
0.800698
0.804056
0.805170
0.809491
0.807284
0.808576
0.800542
0.808380
0.803168
0.807324
0.802952
0.798113
0.805096
0.806382
0.801999
0.800424
0.806812
0.806083
0.805376
0.799695
0.800674
0.800930
0.807110
0.805421
0.801893
0.801341
0.807218
0.803376
0.811165
0.806036
0.804700
0.815108
0.809216
0.802982
0.805030
0.805175
0.804716
0.798739
0.807160
0.805713
0.805623
0.806768
0.802162
0.806499
0.802040
0.805768
0.795364
0.805250
0.799069
0.804480
0.808255
0.805162
0.800907
0.801242
0.799539
0.805788
0.797729
0.806373
0.798612
0.808546
0.800068
0.794158
0.801713
0.809720
0.805185
0.798786
0.802646
0.802384
0.808589
0.806094
0.801293
0.802261
0.809799
0.803816
0.803182
0.811688
0.809290
0.805086
0.807500
0.804470
0.798932
0.806475
0.796032
0.806987
0.807051
0.811526
0.796482
0.809296
0.805876
0.806029
0.812009
0.805005
0.803966
0.807268
0.801776
0.800290
0.804614
0.800714
0.809150
0.807926
0.796966
0.801130
0.806239
0.807338
0.813766
0.803269
0.806961
0.796230
0.804452
0.811218
0.801077
0.808268
0.805080
0.806873
0.807809
0.802989
0.805006
0.801785
0.808169
0.799926
0.802044
0.802247
0.810365
0.804221
0.807432
0.799388
0.804765
0.797626
0.807969
0.807476
0.807745
0.804780
0.795769
0.803752
0.806488
0.805279
0.802997
0.808064
0.803451
0.809324
0.807998
0.801502
0.805369
0.811827
0.800666
0.801093
0.803424
0.798504
0.803248
0.800659
0.805504
0.801749
0.800015
0.806283
0.805005
0.805240
0.805921
0.807317
0.803585
0.803721
0.803097
0.802778
0.804046
0.807580
0.798177
0.805825
0.807450
0.811865
0.812547
0.808135
0.804707
0.803587
0.804043
0.797063
0.800883
0.803471
0.803871
0.797172
0.804030
0.803084
0.807425
0.803923
0.801563
0.813201
0.805168
0.803760
0.807777
0.810471
0.805782
0.798160
0.802604
0.806667
0.802184
0.799915
0.807000
0.795859
0.807589
0.805803
0.807601
0.801764
0.808396
0.810556
0.810113
0.802648
0.808538
0.806317
0.803869
0.807569
0.802595
0.804444
0.804606
0.800343
0.798564
0.809987
0.799252
0.805244
0.800600
0.811823
0.805032
0.808359
0.810811
0.803932
0.794594
0.800359
0.792952
0.800943
0.806511
0.799312
0.806452
0.798149
0.805235
0.811464
0.802230
0.802060
0.808806
0.809469
0.806985
0.802500
0.796104
0.808689
0.801653
0.798456
0.808163
0.804517
0.801626
0.806983
0.803437
0.806076
0.802514
0.802374
0.804347
0.796891
0.797836
0.798215
0.800324
0.805662
0.805180
0.808461
0.800883
0.804726
0.801361
0.804391
0.810648
0.799547
0.799632
0.808910
0.800377
0.803759
0.803463
0.805819
0.812798
0.801905
0.802391
0.803412
0.811301
0.806876
0.808062
0.806773
0.808277
0.811325
0.807525
0.807165
0.806112
0.806501
0.806748
0.802058
0.802997
0.807486
0.799502
0.806258
0.804692
0.799265
0.800140
0.797077
0.804916
0.808734
0.804484
0.805259
0.804736
0.808111
0.810990
0.801681
0.803768
0.798667
0.804384
0.810657
0.802855
0.802666
0.795447
0.801896
0.803780
0.806413
0.803496
0.801725
0.802943
0.809049
0.811301
0.806106
0.807411
0.810588
0.805543
0.812139
0.805858
0.804730
0.805444
0.807268
0.804507
0.802402
0.809501
0.806047
0.806694
0.803197
0.806912
0.803204
0.808064
0.799384
0.803852
0.801091
0.797321
0.808204
0.802518
0.808755
0.799412
0.797379
0.804319
0.805751
0.803378
0.808665
0.804467
0.806513
0.809799
0.804406
0.810258
0.800820
0.798636
0.808122
0.813686
0.808170
0.804894
0.803058
0.808455
0.800352
0.805956
0.807850
0.803909
0.804007
0.806573
0.808959
0.803596
0.801871
0.799932
0.805298
0.805132
0.807283
0.801112
0.801533
0.801765
0.809408
0.801350
0.800800
0.803981
0.799084
0.802354
0.800856
0.801094
0.796766
0.802940
0.801687
0.803103
0.798016
0.806833
0.809449
0.806242
0.807395
0.805146
0.807879
0.807339
0.804663
0.799193
0.806460
0.799854
0.799352
0.801600
0.799004
0.809289
0.799475
0.801027
0.805124
0.804695
0.802584
0.800845
0.807775
0.809859
0.804731
0.807885
0.802816
0.803785
0.799860
0.805601
0.802076
0.813221
0.795130
0.805169
0.798546
0.797432
0.804657
0.799726
0.812001
0.804822
0.807854
0.805921
0.795564
0.815561
0.803351
0.795196
0.806331
0.798326
0.807096
0.811669
0.805758
0.791906
0.803532
0.802461
0.803765
0.800374
0.805892
0.802114
0.804842
0.803723
0.800691
0.804233
0.792759
0.805416
0.802384
0.810632
0.798307
0.804223
0.810665
0.804386
0.804314
0.804205
0.797073
0.807092
0.795582
0.803875
0.803066
0.801051
0.808584
0.808775
0.801374
0.796022
0.805567
0.804076
0.801033
0.812188
0.799860
0.803829
0.806470
0.804968
0.808703
0.799488
0.807816
0.807390
0.806900
0.798863
0.798623
0.802021
0.793771
0.801021
0.805751
0.795888
0.807563
0.798005
0.800049
0.802883
0.809882
0.804000
0.804007
0.805264
0.803634
0.811642
0.801065
0.794697
0.804418
0.802200
0.806770
0.802875
0.807861
0.809211
0.801748
0.804342
0.810115
0.803264
0.805717
0.801188
0.804404
0.809008
0.802991
0.796456
0.803452
0.804400
0.804262
0.809752
0.801709
0.803737
0.803431
0.795896
0.809526
0.808819
0.799713
0.804365
0.808704
0.810166
0.802202
0.808323
0.807350
0.801104
0.802073
0.806939
0.799052
0.800918
0.802470
0.799395
0.801671
0.808139
0.803322
0.811335
0.804755
0.805636
0.798292
0.808890
0.803317
0.807236
0.801282
0.802238
0.798280
0.804341
0.810406
0.805400
0.799913
0.807633
0.801912
0.807977
0.810975
0.806473
0.802828
0.800026
0.798587
0.799310
0.803756
0.806639
0.814691
0.796897
0.804965
0.807721
0.800737
0.807185
0.806036
0.808749
0.809028
0.802585
0.804369
0.807686
0.800329
0.798705
0.800725
0.802320
0.802601
0.798635
0.797436
0.810297
0.809124
0.808992
0.805190
0.807815
0.807356
0.804486
0.806987
0.803836
0.817804
0.801772
0.802903
0.800682
0.803173
0.799892
0.805297
0.802140
0.810029
0.804022
0.812510
0.806361
0.810120
0.804938
0.812070
0.807845
0.807867
0.810296
0.808101
0.805013
0.807069
0.804429
0.800941
0.801968
0.800504
0.804436
0.808528
0.802605
0.800919
0.805022
0.801059
0.799003
0.809132
0.803208
0.796548
0.804328
0.803800
0.800450
0.804096
0.807542
0.803792
0.806846
0.797311
0.800295
0.799877
0.800956
0.806932
0.807962
0.804402
0.803668
0.806961
0.807044
0.800986
0.808011
0.802751
0.798906
0.805940
0.806429
0.801387
0.804911
0.796516
0.811381
0.805305
0.802828
0.809621
0.803698
0.809578
0.808731
0.807907
0.807159
0.807811
0.812140
0.814352
0.811393
0.805845
0.813311
0.794515
0.804854
0.798887
0.794145
0.803664
0.810853
0.808266
0.797389
0.798457
0.804249
0.800848
0.807823
0.806064
0.806976
0.806957
0.806891
0.801906
0.797560
0.797635
0.812607
0.799823
0.804566
0.799733
0.815979
0.800393
0.805900
0.804248
0.802855
0.810369
0.798742
0.805280
0.803733
0.807443
0.803364
0.808527
0.807143
0.805236
0.808432
0.804157
0.801343
0.799997
0.804687
0.806999
0.808731
0.800710
0.801495
0.807800
0.804792
0.801246
0.804761
0.801914
0.808962
0.805718
0.807483
0.804522
0.799757
0.799116
0.808413
0.803000
0.800500
0.801223
0.804060
0.802716
0.805228
0.801650
0.802134
0.795322
0.800536
0.805510
0.807252
0.808049
0.806465
0.805663
0.798168
0.808706
0.802357
0.808783
0.803862
0.804435
0.805851
0.804782
0.806562
0.805075
0.800050
0.804194
0.802962
0.802095
0.808405
0.802298
0.801719
0.804521
0.808998
0.798172
0.810140
0.800581
0.800876
0.805567
0.803305
0.804646
0.806643
0.803290
0.807727
0.807010
0.811118
0.802157
0.804593
0.804229
0.799065
0.804202
0.807335
0.804563
0.807476
0.807324
0.807698
0.806324
0.802814
0.804432
0.807103
0.801798
0.803555
0.804822
0.807707
0.807597
0.808226
0.803514
0.806242
0.807741
0.802034
0.803191
0.798059
0.801539
0.802250
0.807297
0.799495
0.801494
0.808710
0.802480
0.803133
0.800619
0.806647
0.804593
0.801448
0.801667
0.802822
0.809503
0.798051
0.803276
0.802829
0.801678
0.803610
0.801909
0.801994
0.803135
0.807421
0.810994
0.809937
0.802805
0.799148
0.804224
0.802109
0.800838
0.805521
0.806260
0.799974
0.803826
0.805551
0.804009
0.805252
0.794377
0.806386
0.800284
0.794539
0.808480
0.801828
0.810923
0.798420
0.799891
0.803806
0.804708
0.798966
0.796403
0.800012
0.801782
0.803343
0.804098
0.804048
0.804334
0.807360
0.802518
0.809149
0.799139
0.801584
0.810880
0.806853
0.809139
0.805897
0.805022
0.808417
0.810778
0.802198
0.802872
0.807640
0.805259
0.807833
0.810456
0.805459
0.802155
0.813349
0.802909
0.801099
0.805211
0.803503
0.807893
0.805753
0.808429
0.804699
0.805475
0.809043
0.797958
0.805302
0.802608
0.802727
0.796893
0.808288
0.804421
0.800839
0.800249
0.807474
0.806674
0.802620
0.810481
0.805576
0.810353
0.802103
0.802761
0.807240
0.806107
0.804952
0.801401
0.797468
0.804700
0.805911
0.804800
0.801567
0.798976
0.803705
0.807776
0.797310
0.797971
0.801347
0.801929
0.805336
0.806105
0.800119
0.803278
0.792897
0.797656
0.809449
0.800181
0.805022
0.801886
0.803062
0.806698
0.797042
0.796251
0.803321
0.802604
0.806848
0.799976
0.806245
0.802741
0.801236
0.805426
0.813046
0.799698
0.807682
0.809001
0.808437
0.809377
0.808280
0.797338
0.801458
0.802632
0.806547
0.796891
0.797335
0.805492
0.809833
0.805955
0.805699
0.804367
0.800618
0.804533
0.802113
0.808178
0.805401
0.807854
0.809822
0.803270
0.800843
0.802825
0.804775
0.797697
0.805853
0.808180
0.808367
0.806390
0.801233
0.803208
0.807165
0.803038
0.807498
0.807108
0.800594
0.806769
0.797947
0.800692
0.795756
0.805552
0.808284
0.803600
0.797939
0.807969
0.797242
0.811376
0.801314
0.800652
0.803285
0.816028
0.802395
0.808034
0.805136
0.795326
0.801365
0.809684
0.803913
0.810219
0.795265
0.805564
0.800598
0.802891
0.809984
0.803285
0.806842
0.803023
0.802996
0.805878
0.804298
0.800070
0.807842
0.804859
0.794408
0.801785
0.803385
0.798299
0.797510
0.806154
0.807600
0.805801
0.805927
0.807145
0.803437
0.802591
0.801043
0.802575
0.801328
0.803237
0.801847
0.805932
0.800982
0.806396
0.803263
0.813186
0.798315
0.800218
0.793071
0.807663
0.804342
0.811497
0.797772
0.805236
0.805109
0.803505
0.806477
0.807710
0.805037
0.800918
0.802807
0.798551
0.812870
0.807539
0.806245
0.797622
0.806640
0.809649
0.806972
0.809206
0.797364
0.805919
0.807908
0.804196
0.802861
0.807701
0.804987
0.805174
0.802922
0.812907
0.805766
0.799219
0.796297
0.807327
0.810243
0.809514
0.803815
0.801220
0.808068
0.805421
0.803967
0.809772
0.803782
0.803263
0.798981
0.810079
0.804355
0.793921
0.801200
0.806083
0.803564
0.810093
0.802900
0.803792
0.801687
0.804156
0.806265
0.802060
0.802686
0.804187
0.801023
0.807580
0.805893
0.803446
0.808082
0.807238
0.807094
0.801597
0.803344
0.807414
0.805618
0.801560
0.806946
0.803326
0.808528
0.807642
0.805466
0.810343
0.801017
0.809216
0.794354
0.807632
0.799318
0.803812
0.810245
0.799255
0.803786
0.803987
0.796906
0.797535
0.803606
0.808832
0.801659
0.803054
0.807641
0.811796
0.807855
0.804446
0.798993
0.804270
0.803964
0.800201
0.799631
0.799904
0.796879
0.799814
0.807221
0.808421
0.805614
0.805714
0.800917
0.800084
0.802452
0.801664
0.808293
0.801795
0.799930
0.804893
0.797959
0.808031
0.802336
0.803065
0.804628
0.810784
0.805668
0.809037
0.801301
0.805844
0.806059
0.804741
0.797443
0.804653
0.800032
0.809355
0.811304
0.810024
0.806345
0.796008
0.809008
0.810506
0.809112
0.797610
0.794817
0.805485
0.792548
0.804791
0.800493
0.798367
0.800114
0.799695
0.808385
0.810328
0.804722
0.803314
0.797941
0.800498
0.798768
0.807351
0.809314
0.806698
0.807087
0.801072
0.793166
0.806957
0.808951
0.805857
0.796225
0.806553
0.808425
0.806663
0.805810
0.810445
0.804069
0.806743
0.810336
0.798160
0.801820
0.807146
0.800930
0.805661
0.801967
0.803026
0.804348
0.802948
0.804851
0.802815
0.811015
0.799468
0.800368
0.799374
0.807499
0.798525
0.800741
0.799385
0.808680
0.806130
0.807528
0.800565
0.803842
0.793525
0.801125
0.809678
0.801753
0.802425
0.802927
0.799770
0.806281
0.806368
0.803376
0.808652
0.802895
0.801759
0.805334
0.806422
0.807296
0.807529
0.802787
0.803264
0.808094
0.809052
0.816181
0.809889
0.806712
0.803948
0.800646
0.807729
0.807161
0.807496
0.806961
0.808122
0.799265
0.807582
0.802611
0.809168
0.809925
0.804471
0.803875
0.809844
0.812703
0.811431
0.808326
0.800469
0.798531
0.803365
0.801832
0.803244
0.798792
0.803763
0.798413
0.806688
0.804865
0.801089
0.809430
0.803007
0.810776
0.806399
0.805172
0.806592
0.805505
0.809658
0.801853
0.806971
0.792224
0.806733
0.801434
0.806717
0.802033
0.806211
0.809361
0.812883
0.812865
0.806527
0.810297
0.808113
0.800473
0.806146
0.800702
0.805811
0.803958
0.807692
0.800307
0.803812
0.809926
0.805703
0.804229
0.799679
0.806228
0.809168
0.801956
0.807327
0.809817
0.792537
0.805247
0.805490
0.805830
0.803087
0.807648
0.811246
0.807728
0.799140
0.807531
0.797910
0.810547
0.804173
0.806765
0.803987
0.799435
0.805843
0.809376
0.802944
0.803600
0.813961
0.807466
0.802375
0.803034
0.805895
0.810528
0.808019
0.808891
0.806674
0.808005
0.790962
0.802597
0.800017
0.803762
0.801923
0.806200
0.800091
0.802147
0.804842
0.805622
0.800878
0.808543
0.800282
0.806297
0.796776
0.804811
0.809464
0.797724
0.804578
0.796354
0.806353
0.800407
0.804616
0.795540
0.798656
0.803913
0.806860
0.803607
0.816632
0.804876
0.802422
0.801392
0.804918
0.804791
0.802103
0.804954
0.805566
0.803977
0.798197
0.803747
0.807145
0.801438
0.801787
0.808452
0.808800
0.808458
0.801838
0.802455
0.803230
0.800292
0.806007
0.806299
0.803552
0.800828
0.810027
0.801380
0.800842
0.804094
0.797335
0.793907
0.795859
0.802985
0.802521
0.802365
0.798999
0.802055
0.803456
0.802004
0.800410
0.803891
0.802416
0.800510
0.794832
0.799044
0.802681
0.809058
0.807994
0.813165
0.803097
0.799393
0.813784
0.804957
0.808635
0.810122
0.794612
0.801788
0.805410
0.806759
0.798818
0.802400
0.805926
0.796492
0.801780
0.802473
0.805993
0.797423
0.803644
0.806857
0.810054
0.803299
0.800628
0.798935
0.803845
0.806055
0.807295
0.799188
0.805257
0.802064
0.804095
0.800737
0.799381
0.794649
0.805267
0.801959
0.812257
0.797634
0.801479
0.808538
0.795967
0.808873
0.807957
0.806573
0.798641
0.800803
0.796393
0.807544
0.810474
0.802298
0.805464
0.804869
0.804855
0.805333
0.802767
0.798396
0.803517
0.812719
0.809465
0.815951
0.810788
0.803772
0.798152
0.803523
0.806611
0.803966
0.804666
0.804393
0.803411
0.801133
0.806353
0.800977
0.807374
0.804798
0.803329
0.804193
0.811458
0.802584
0.801741
0.803884
0.805395
0.802957
0.800484
0.806569
0.799339
0.798811
0.806543
0.805309
0.799460
0.806452
0.796627
0.805712
0.800446
0.807031
0.803805
0.799718
0.810792
0.802168
0.807535
0.805369
0.812911
0.806570
0.811011
0.796642
0.804245
0.803987
0.798363
0.799511
0.807234
0.802500
0.803777
0.805881
0.802945
0.805908
0.808306
0.804823
0.802730
0.800826
0.806458
0.803645
0.807254
0.803045
0.805097
0.802428
0.800574
0.811429
0.802185
0.805922
0.799949
0.800331
0.805191
0.807757
0.800108
0.807573
0.812218
0.801111
0.809273
0.805950
0.806261
0.809031
0.809901
0.806075
0.796522
0.810313
0.808365
0.802525
0.810006
0.804134
0.803477
0.800971
0.808412
0.802298
0.811507
0.800786
0.800372
0.798653
0.806863
0.802235
0.804710
0.798994
0.795493
0.805793
0.816182
0.807329
0.804375
0.803633
0.798685
0.809621
0.800037
0.807192
0.804520
0.803072
0.800976
0.801753
0.806095
0.805633
0.804735
0.799249
0.807165
0.797384
0.804769
0.802625
0.801138
0.806879
0.807087
0.804958
0.804527
0.802404
0.802752
0.808231
0.805312
0.804155
0.798309
0.806091
0.803818
0.802299
0.804739
0.801123
0.803948
0.801805
0.802577
0.803054
0.798052
0.803860
0.798205
0.799991
0.805470
0.802390
0.799036
0.804347
0.808226
0.801520
0.810190
0.802786
0.799976
0.802814
0.814072
0.799125
0.799504
0.802661
0.806792
0.811200
0.804173
0.804605
0.804217
0.810338
0.798842
0.799216
0.797838
0.807424
0.799556
0.796871
0.803087
0.797666
0.810701
0.802688
0.796955
0.808804
0.803201
0.806012
0.808720
0.806938
0.800588
0.803852
0.800805
0.807016
0.795852
0.813344
0.802671
0.807804
0.804703
0.801195
0.796659
0.802878
0.792949
0.801276
0.804700
0.802148
0.802771
0.804728
0.806738
0.808165
0.803376
0.796907
0.803623
0.804793
0.806887
0.808387
0.807437
0.804275
0.800475
0.804197
0.809486
0.807071
0.806568
0.804019
0.808039
0.807915
0.808533
0.803204
0.812652
0.793081
0.803124
0.803906
0.804110
0.805801
0.802116
0.804797
0.807917
0.803007
0.806503
0.798482
0.802856
0.798300
0.797974
0.806361
0.804387
0.800886
0.802546
0.797148
0.804213
0.803923
0.811128
0.808224
0.808390
0.801965
0.802307
0.803012
0.806035
0.800849
0.805927
0.802990
0.806639
0.797028
0.806451
0.800047
0.809138
0.808861
0.807699
0.804406
0.807639
0.806044
0.805266
0.802021
0.809222
0.803415
0.803755
0.799659
0.807992
0.798263
0.799613
0.801057
0.811572
0.800822
0.810013
0.796681
0.810527
0.805287
0.808185
0.793610
0.804242
0.808934
0.803682
0.805056
0.805739
0.794255
0.797827
0.796276
0.806165
0.810219
0.809371
0.808518
0.804662
0.806994
0.800642
0.799447
0.797568
0.804395
0.800364
0.808227
0.809947
0.810351
0.813112
0.808533
0.801078
0.802503
0.807170
0.801846
0.812036
0.809542
0.800035
0.806000
0.804546
0.803258
0.805368
0.806034
0.804651
0.801468
0.808159
0.805465
0.802323
0.798909
0.804841
0.803179
0.801385
0.808955
0.803034
0.803188
0.808858
0.804383
0.804797
0.796399
0.800842
0.802224
0.804644
0.807273
0.800853
0.806709
0.808235
0.802657
0.794717
0.807301
0.806280
0.799916
0.808329
0.800943
0.806696
0.803136
0.804905
0.804343
0.803856
0.804454
0.804362
0.812482
0.809867
0.805878
0.804756
0.812322
0.806316
0.798915
0.803027
0.803082
0.801833
0.803739
0.806616
0.799817
0.806706
0.804810
0.799395
0.798007
0.798668
0.804320
0.805015
0.805682
0.799123
0.799110
0.805630
0.802367
0.806865
0.803856
0.804293
0.802742
0.813513
0.806805
0.797767
0.804802
0.808878
0.798599
0.803823
0.802093
0.804814
0.803787
0.803068
0.803264
0.806735
0.807941
0.807849
0.805503
0.803684
0.802386
0.802647
0.803421
0.805365
0.800888
0.807173
0.807881
0.809986
0.802307
0.808014
0.799841
0.800071
0.808751
0.795607
0.811164
0.802065
0.798389
0.803708
0.806954
0.805049
0.803630
0.804491
0.809336
0.797119
0.803937
0.802016
0.806634
0.804767
0.808054
0.805002
0.807359
0.803904
0.804990
0.800827
0.798468
0.799261
0.805185
0.799940
0.798637
0.800834
0.801288
0.804878
0.801689
0.800343
0.803976
0.805793
0.801666
0.800480
0.805900
0.808519
0.804070
0.801458
0.803965
0.804020
0.804387
0.803071
0.801777
0.810139
0.802307
0.801740
0.802776
0.808004
0.807973
0.810367
0.807183
0.803735
0.805686
0.804722
0.797109
0.804440
0.810300
0.804993
0.801102
0.809553
0.797742
0.805983
0.800679
0.807091
0.804274
0.806818
0.805480
0.810126
0.804412
0.805577
0.803940
0.812191
0.802671
0.806665
0.798553
0.804075
0.805766
0.802620
0.803779
0.800624
0.802412
0.804004
0.800577
0.812942
0.801510
0.803829
0.809057
0.806563
0.795858
0.805763
0.800946
0.807530
0.810005
0.805179
0.802740
0.798265
0.806149
0.808885
0.801332
0.805928
0.810817
0.801706
0.794823
0.801278
0.803342
0.804913
0.807893
0.805336
0.802782
0.806512
0.804282
0.803214
0.802454
0.803569
0.798394
0.804969
0.803485
0.814167
0.801765
0.805730
0.803740
0.804066
0.807404
0.805782
0.803915
0.803483
0.798165
0.808030
0.808100
0.800442
0.815195
0.808951
0.802913
0.800097
0.804455
0.802030
0.802135
0.804055
0.800947
0.801490
0.801844
0.807808
0.804715
0.801493
0.808567
0.797679
0.800539
0.796224
0.804798
0.798975
0.801030
0.806374
0.799920
0.803829
0.797829
0.797381
0.799080
0.808320
0.808917
0.801181
0.802255
0.809051
0.809309
0.801809
0.801570
0.802590
0.802956
0.804735
0.801484
0.806501
0.806516
0.805368
0.806279
0.803878
0.798476
0.802000
0.803632
0.796081
0.809214
0.808214
0.802530
0.807470
0.806513
0.807759
0.801831
0.804254
0.800524
0.793123
0.806412
0.807253
0.801734
0.808262
0.806107
0.794276
0.801554
0.801202
0.807193
0.809969
0.795570
0.804673
0.803942
0.805535
0.807354
0.806798
0.805067
0.807620
0.805051
0.806689
0.801555
0.811884
0.805699
0.803084
0.797311
0.806117
0.798068
0.796774
0.813932
0.805872
0.811081
0.807069
0.804927
0.803203
0.801319
0.808904
0.808411
0.795330
0.809075
0.804106
0.805200
0.805057
0.797559
0.802919
0.805314
0.802954
0.803056
0.804438
0.811423
0.794077
0.802100
0.806717
0.804381
0.802868
0.807278
0.805421
0.812013
0.799496
0.800428
0.809317
0.808994
0.800808
0.802474
0.811095
0.803617
0.800213
0.797958
0.800229
0.806201
0.802842
0.804295
0.804528
0.803493
0.802944
0.800406
0.804265
0.798959
0.808979
0.804265
0.806834
0.800676
0.801776
0.804044
0.797344
0.800371
0.801094
0.801343
0.799751
0.803374
0.799766
0.799235
0.801918
0.802531
0.795505
0.803865
0.804814
0.798425
0.805830
0.805970
0.804802
0.803011
0.804826
0.803970
0.804719
0.804335
0.802347
0.804122
0.804338
0.802677
0.810415
0.801893
0.801646
0.807039
0.809050
0.808721
0.806395
0.803516
0.813503
0.801155
0.800214
0.801063
0.804137
0.795933
0.802688
0.806117
0.807063
0.805966
0.803587
0.801948
0.808893
0.805712
0.802705
0.800177
0.806531
0.806631
0.805569
0.801113
0.804234
0.802779
0.799855
0.807734
0.812256
0.803213
0.802901
0.804357
0.804550
0.808918
0.800841
0.801474
0.810651
0.804461
0.802282
0.808261
0.804412
0.801262
0.805496
0.803896
0.802279
0.806289
0.802809
0.805494
0.810661
0.814056
0.808379
0.800135
0.798094
0.799896
0.802255
0.806850
0.797385
0.806951
0.797524
0.804331
0.805694
0.800883
0.803901
0.806206
0.802365
0.808146
0.807349
0.802963
0.801077
0.806443
0.806405
0.804466
0.804680
0.805794
0.808411
0.807073
0.797166
0.802148
0.802038
0.803922
0.801822
0.802788
0.806198
0.801788
0.806107
0.796908
0.812398
0.807506
0.799223
0.800386
0.803955
0.803897
0.798250
0.799731
0.803838
0.808785
0.803802
0.799858
0.807715
0.805350
0.806271
0.807833
0.800917
0.799505
0.802574
0.807717
0.804068
0.804002
0.806509
0.804613
0.805682
0.804500
0.801908
0.800626
0.797338
0.802222
0.802379
0.802828
0.804032
0.801806
0.803387
0.808220
0.808819
0.803444
0.801590
0.805282
0.802373
0.801319
0.804254
0.806164
0.798986
0.809673
0.796640
0.809965
0.809193
0.807095
0.804829
0.804771
0.803887
0.805113
0.810445
0.801357
0.809176
0.804481
0.802774
0.805363
0.797551
0.802206
0.807389
0.800381
0.806063
0.795152
0.809655
0.805141
0.804138
0.801556
0.807018
0.810310
0.805488
0.797835
0.800353
0.807983
0.806200
0.804651
0.804151
0.800794
0.811074
0.808148
0.806110
0.803096
0.804800
0.797964
0.802324
0.802038
0.807773
0.802056
0.807432
0.807073
0.807614
0.804562
0.807057
0.809264
0.805880
0.800608
0.803800
0.800585
0.801723
0.802752
0.806635
0.803188
0.808174
0.801595
0.802340
0.801391
0.799990
0.802967
0.807658
0.811373
0.808831
0.805947
0.803595
0.804030
0.801201
0.805510
0.810935
0.803628
0.799850
0.804538
0.802380
0.805823
0.806919
0.811913
0.805095
0.795776
0.802064
0.804492
0.814891
0.797977
0.804033
0.799364
0.804334
0.804448
0.814215
0.808600
0.809739
0.809898
0.801054
0.804915
0.810019
0.799777
0.808808
0.800787
0.811827
0.800683
0.801051
0.804128
0.801523
0.801157
0.806119
0.804736
0.810195
0.801697
0.803890
0.801929
0.806812
0.810030
0.799660
0.803264
0.804865
0.801885
0.792584
0.810792
0.808865
0.800011
0.805354
0.795778
0.805707
0.805266
0.795386
0.805439
0.811225
0.807192
0.805730
0.809770
0.807080
0.804681
0.800616
0.802598
0.808721
0.805792
0.799776
0.797887
0.805069
0.804336
0.800748
0.812422
0.806692
0.807813
0.805278
0.808059
0.801341
0.809837
0.805199
0.803486
0.803985
0.800838
0.807704
0.804424
0.804953
0.807860
0.803387
0.813570
0.796617
0.797551
0.800983
0.801027
0.813794
0.802544
0.807347
0.798159
0.810689
0.798846
0.797586
0.798970
0.804623
0.800391
0.808892
0.808725
0.806796
0.808736
0.796677
0.798073
0.807116
0.809970
0.804018
0.797078
0.798506
0.804318
0.798889
0.804776
0.803866
0.807680
0.801231
0.806626
0.808585
0.792505
0.804794
0.808759
0.806069
0.808780
0.806286
0.799977
0.800117
0.809604
0.800383
0.803902
0.801717
0.806495
0.804752
0.807795
0.802095
0.799191
0.806431
0.803787
0.805261
0.802727
0.812460
0.800813
0.803035
0.804784
0.802014
0.802770
0.807789
0.809730
0.803303
0.803905
0.804869
0.800670
0.798399
0.808563
0.803140
0.805659
0.808519
0.806212
0.799179
0.806467
0.802712
0.801106
0.798377
0.798123
0.810612
0.808134
0.807348
0.809849
0.804839
0.808480
0.803751
0.800581
0.801493
0.804594
0.798526
0.799624
0.799915
0.800753
0.796653
0.801044
0.799074
0.801319
0.797037
0.810354
0.809551
0.808949
0.806917
0.810820
0.802847
0.805917
0.803577
0.810184
0.799622
0.812313
0.796188
0.807933
0.808538
0.808933
0.799234
0.798297
0.799467
0.805485
0.804462
0.807484
0.804626
0.805600
0.798809
0.803867
0.809585
0.799285
0.804117
0.803203
0.798778
0.808329
0.799678
0.806492
0.809970
0.808718
0.806587
0.804073
0.802690
0.809088
0.807222
0.808922
0.807835
0.800794
0.798145
0.803088
0.803231
0.805036
0.796344
0.800469
0.805936
0.798549
0.806799
0.804956
0.802554
0.804072
0.814101
0.807496
0.796477
0.804394
0.807312
0.805423
0.801375
0.800220
0.805208
0.801422
0.800417
0.801253
0.800665
0.799639
0.802732
0.798168
0.800651
0.800243
0.799456
0.806452
0.805116
0.806160
0.800315
0.792062
0.796970
0.805686
0.806717
0.802248
0.803497
0.808452
0.797821
0.811309
0.801897
0.810108
0.803152
0.799583
0.801682
0.801237
0.800391
0.796367
0.805467
0.796036
0.799205
0.807750
0.814311
0.804462
0.805451
0.803184
0.797946
0.803361
0.802629
0.802170
0.798155
0.809288
0.793207
0.795074
0.799731
0.803103
0.797369
0.804308
0.804381
0.806872
0.797799
0.805090
0.800787
0.797665
0.805805
0.800133
0.809734
0.802025
0.805307
0.806412
0.796062
0.800293
0.804324
0.804282
0.808421
0.804584
0.807703
0.802797
0.808661
0.810306
0.808555
0.809290
0.810107
0.805899
0.803180
0.805679
0.803280
0.802918
0.812142
0.805803
0.803427
0.806064
0.804932
0.804952
0.802437
0.805004
0.803367
0.809739
0.797403
0.801979
0.811553
0.807484
0.800798
0.808927
0.807886
0.809564
0.795937
0.811848
0.804602
0.798644
0.810008
0.794935
0.806208
0.805078
0.804829
0.801950
0.801470
0.805311
0.797707
0.808029
0.811229
0.800313
0.805626
0.808778
0.803426
0.814230
0.799659
0.793524
0.799362
0.804137
0.804515
0.801519
0.806798
0.801330
0.799215
0.804157
0.813143
0.802497
0.804884
0.801269
0.805396
0.802549
0.810919
0.806991
0.807937
0.800812
0.810117
0.796258
0.805597
0.806881
0.805989
0.799840
0.800307
0.799405
0.802745
0.800538
0.794739
0.804906
0.801417
0.809053
0.800459
0.806180
0.804211
0.806771
0.797801
0.804146
0.809193
0.810422
0.802190
0.804793
0.807155
0.799697
0.801274
0.802402
0.802731
0.807770
0.807251
0.804002
0.808383
0.809405
0.805776
0.800677
0.809108
0.803815
0.807566
0.805074
0.804863
0.798140
0.805401
0.807354
0.799166
0.800034
0.800513
0.813477
0.805152
0.799945
0.806280
0.811561
0.799988
0.805116
0.806385
0.804906
0.800862
0.804403
0.806325
0.803601
0.804846
0.803661
0.795788
0.800479
0.794072
0.803560
0.805179
0.800944
0.804423
0.801456
0.805034
0.803977
0.799568
0.803567
0.801986
0.809935
0.811525
0.804273
0.808983
0.805065
0.807161
0.811519
0.808393
0.801471
0.808898
0.804868
0.800940
0.802518
0.803253
0.804858
0.804533
0.807926
0.806722
0.804409
0.803134
0.807489
0.801630
0.800251
0.804062
0.802262
0.805098
0.801590
0.803240
0.802038
0.803181
0.806808
0.801946
0.799468
0.804015
0.808449
0.806548
0.804124
0.794149
0.803449
0.801688
0.808154
0.802038
0.805908
0.807222
0.805608
0.801687
0.799901
0.801759
0.795038
0.803138
0.802851
0.796329
0.801841
0.811336
0.802994
0.800031
0.810658
0.805490
0.801560
0.806618
0.809874
0.803167
0.804909
0.807757
0.791857
0.800920
0.800006
0.813473
0.808001
0.806749
0.797796
0.802933
0.799934
0.806764
0.801731
0.796726
0.811575
0.803550
0.808802
0.803434
0.797181
0.801669
0.808580
0.811162
0.806017
0.803267
0.804833
0.807540
0.804624
0.805357
0.808701
0.807529
0.810217
0.810847
0.813276
0.800498
0.802255
0.804739
0.802073
0.801361
0.797956
0.800009
0.815675
0.802068
0.796159
0.800996
0.804431
0.806098
0.806035
0.804820
0.799953
0.803068
0.798524
0.805397
0.796082
0.802305
0.805706
0.803349
0.802456
0.801597
0.802154
0.796162
0.802588
0.808108
0.808788
0.808863
0.810035
0.798945
0.801924
0.807148
0.800588
0.805860
0.799305
0.806231
0.807209
0.799273
0.805108
0.803320
0.800476
0.804310
0.802464
0.799638
0.801925
0.807623
0.798353
0.800386
0.802780
0.798498
0.808335
0.810854
0.801630
0.807936
0.804884
0.803517
0.810379
0.801629
0.801712
0.803914
0.805369
0.806579
0.800998
0.806716
0.808883
0.809246
0.803670
0.797806
0.802760
0.801728
0.802915
0.808658
0.796253
0.803843
0.808832
0.797204
0.800458
0.796907
0.802644
0.800406
0.808772
0.807193
0.805614
0.797515
0.806328
0.798638
0.809669
0.804918
0.803001
0.804117
0.810369
0.807269
0.803857
0.808555
0.807166
0.797110
0.804490
0.804994
0.811921
0.794159
0.807423
0.803541
0.808663
0.804735
0.801129
0.807806
0.805608
0.802158
0.807194
0.801042
0.802481
0.798339
0.803400
0.801237
0.803216
0.805968
0.798371
0.812890
0.805036
0.806335
0.804814
0.804446
0.803395
0.806932
0.809673
0.804546
0.802798
0.799861
0.795243
0.794255
0.809701
0.807652
0.804744
0.801842
0.806011
0.801084
0.801000
0.793975
0.794546
0.800622
0.803224
0.801545
0.803905
0.807072
0.809132
0.801880
0.804613
0.809712
0.803253
0.804900
0.808224
0.810206
0.799628
0.808295
0.806368
0.808419
0.807062
0.800964
0.803166
0.805983
0.805971
0.796121
0.810662
0.807045
0.796419
0.798052
0.800736
0.807786
0.806057
0.801347
0.803206
0.804570
0.808148
0.807100
0.803870
0.797001
0.807206
0.801803
0.798919
0.802838
0.804074
0.796131
0.803157
0.804938
0.801881
0.806227
0.806234
0.802101
0.811997
0.802549
0.794291
0.805394
0.811264
0.806049
0.808069
0.804118
0.804614
0.801499
0.796468
0.803654
0.805670
0.802728
0.800704
0.807365
0.803841
0.806067
0.808412
0.806587
0.803188
0.792473
0.805906
0.793403
0.803832
0.806774
0.808832
0.805929
0.806270
0.804992
0.805478
0.804317
0.797534
0.800447
0.802907
0.808431
0.802312
0.806375
0.802424
0.804907
0.806245
0.805509
0.807108
0.802982
0.807355
0.807631
0.808088
0.805152
0.805348
0.795806
0.799758
0.805029
0.811922
0.800958
0.806912
0.801999
0.803962
0.803545
0.795253
0.810839
0.801756
0.803637
0.799990
0.802843
0.799436
0.801337
0.803396
0.797672
0.805535
0.800823
0.804283
0.802290
0.809498
0.794956
0.805795
0.797861
0.797421
0.801281
0.807026
0.803554
0.801575
0.806557
0.813008
0.797190
0.801121
0.802795
0.805905
0.795740
0.806736
0.800955
0.800581
0.804524
0.809687
0.806484
0.804041
0.811892
0.800082
0.806817
0.803584
0.806182
0.809886
